address,tx,ty,tz
0x2290d021ffc,7.32571,1.4013e-45,0
0x2290d022010,0,0,3.50325e-44
0x2290d02208c,2.36206,2.36206,2.36206
0x2290d022184,0,0,2.36206
0x2290d02218c,2.36206,0,0
0x2290d0221f0,145.415,1,3.58732e-43
0x2290d0221f4,1,3.58732e-43,0
0x2290d022224,0,5.08031,17.5213
0x2290d022228,5.08031,17.5213,1.93963
0x2290d02222c,17.5213,1.93963,-5.13869
0x2290d022230,1.93963,-5.13869,-0.658438
0x2290d022234,-5.13869,-0.658438,-2.4343
0x2290d022238,-0.658438,-2.4343,5.1095
0x2290d02223c,-2.4343,5.1095,9.08985
0x2290d022240,5.1095,9.08985,2.18697
0x2290d022244,9.08985,2.18697,1.4013e-45
0x2290d02236c,7.32562,1.4013e-45,0
0x2290d0223b0,0,0,0
0x2290d0223b4,0,0,1
0x2290d0223b8,0,1,1
0x2290d0223bc,1,1,1
0x2290d0223c0,1,1,1
0x2290d0223c4,1,1,0
0x2290d0223c8,1,0,0
0x2290d0223cc,0,0,0
0x2290d0223d0,0,0,1
0x2290d0223d8,1,0,0
0x2290d0223f4,0.594186,335.983,2.36206
0x2290d0223fc,2.36206,2.36206,2.36206
0x2290d022400,2.36206,2.36206,-0.999982
0x2290d0224f4,0,0,2.36206
0x2290d0224fc,2.36206,0,0
0x2290d022560,145.415,1,3.58732e-43
0x2290d022564,1,3.58732e-43,0
0x2290d02cbdc,7.32854,1.4013e-45,0
0x2290d02cc30,1.8108,1.8108,0.0559863
0x2290d02cc6c,1.8108,1.8108,1.8108
0x2290d02cd54,0,0.10138,0
0x2290d02cd58,0.10138,0,1.80796
0x2290d02cd64,0,0,1.8108
0x2290d02cd6c,1.8108,0,0
0x2290d02cdc4,0,-53.3236,-0.251238
0x2290d02cdc8,-53.3236,-0.251238,368.712
0x2290d02cdd0,368.712,1,3.58732e-43
0x2290d02cdd4,1,3.58732e-43,0
0x2290d02ce04,0,4.96294,17.2005
0x2290d02ce08,4.96294,17.2005,1.13783
0x2290d02ce0c,17.2005,1.13783,-3.01903
0x2290d02ce10,1.13783,-3.01903,-0.228953
0x2290d02ce14,-3.01903,-0.228953,-3.13061
0x2290d02ce18,-0.228953,-3.13061,3.99098
0x2290d02ce1c,-3.13061,3.99098,8.7147
0x2290d02ce20,3.99098,8.7147,2.13422
0x2290d02ce24,8.7147,2.13422,1.4013e-45
0x2290d02cf4c,7.32854,1.4013e-45,0
0x2290d02cfa0,1,1,1
0x2290d02cfa4,1,1,0
0x2290d02cfd4,0.454941,59.0267,1.8108
0x2290d02cfdc,1.8108,1.8108,1.8108
0x2290d02cfe0,1.8108,1.8108,0.0559863
0x2290d02d0c4,0,0.10138,0
0x2290d02d0c8,0.10138,0,1.80796
0x2290d02d0d4,0,0,1.8108
0x2290d02d0dc,1.8108,0,0
0x2290d02d134,0,-53.3236,-0.251238
0x2290d02d138,-53.3236,-0.251238,368.712
0x2290d02d140,368.712,1,3.58732e-43
0x2290d02d144,1,3.58732e-43,0
0x2290d034e7c,7.3311,1.4013e-45,0
0x2290d034ebc,7.74918e-43,199.331,0.454941
0x2290d034ec0,199.331,0.454941,181.351
0x2290d034ec4,0.454941,181.351,2.48499
0x2290d034ec8,181.351,2.48499,2.48499
0x2290d034ed0,2.48499,2.48499,-0.153964
0x2290d034ed4,2.48499,-0.153964,0
0x2290d034f0c,2.48499,2.48499,2.48499
0x2290d034f14,2.48499,-0.153964,0
0x2290d034f4c,1,1.31161e-22,7.74918e-43
0x2290d034fc4,1,1,1
0x2290d034fc8,1,1,1
0x2290d034fcc,1,1,0
0x2290d034fd0,1,0,0
0x2290d034fd4,0,0,0
0x2290d034fd8,0,0,1
0x2290d034fe0,1,0,0
0x2290d035004,0,0,2.48499
0x2290d03500c,2.48499,0,0
0x2290d03501c,0,-0.382598,0
0x2290d035068,84.4584,-0.183076,-68.0218
0x2290d035074,1,3.58732e-43,0
0x2290d0350a4,0,5.99177,28.7242
0x2290d0350a8,5.99177,28.7242,10.9256
0x2290d0350ac,28.7242,10.9256,-25.23
0x2290d0350b0,10.9256,-25.23,-0.87703
0x2290d0350b4,-25.23,-0.87703,-4.51916
0x2290d0350b8,-0.87703,-4.51916,15.6109
0x2290d0350bc,-4.51916,15.6109,14.8006
0x2290d0350c0,15.6109,14.8006,7.72236
0x2290d0350c4,14.8006,7.72236,1.4013e-45
0x2290d0351ec,7.3314,1.4013e-45,0
0x2290d035224,0,1.36824e-22,7.74918e-43
0x2290d035228,1.36824e-22,7.74918e-43,202.018
0x2290d03522c,7.74918e-43,202.018,55.7625
0x2290d035230,202.018,55.7625,179.91
0x2290d035234,55.7625,179.91,1
0x2290d035238,179.91,1,1
0x2290d03523c,1,1,1
0x2290d035240,1,1,0.590289
0x2290d035248,0.590289,0.566504,0.575006
0x2290d035274,55.7625,179.91,1
0x2290d0352b4,1,1,1
0x2290d035334,1,1,1
0x2290d035338,1,1,1
0x2290d03533c,1,1,0
0x2290d035340,1,0,0
0x2290d035344,0,0,0
0x2290d035348,0,0,1
0x2290d035350,1,0,0
0x2290d03537c,-0.712354,0.701821,0
0x2290d035394,0,202.018,55.7625
0x2290d035398,202.018,55.7625,179.91
0x2290d0353a4,1,0.590289,1.49012e-08
0x2290d0353e4,1,3.58732e-43,0
0x2290d035fac,7.33178,1.4013e-45,0
0x2290d035fec,7.74918e-43,418.28,1.16
0x2290d035ff0,418.28,1.16,241.13
0x2290d035ff4,1.16,241.13,1.11062
0x2290d035ff8,241.13,1.11062,1.11062
0x2290d036000,1.11062,1.11062,-1.83697e-16
0x2290d03603c,1.11062,1.11062,1.11062
0x2290d036124,0,-2.04018e-16,0
0x2290d036128,-2.04018e-16,0,1.11062
0x2290d036134,0,0,1.11062
0x2290d03613c,1.11062,0,0
0x2290d03614c,0,-2.04018e-16,0
0x2290d036194,0,-217.112,-1.04446
0x2290d036198,-217.112,-1.04446,376.617
0x2290d0361a0,376.617,1,3.58732e-43
0x2290d0361a4,1,3.58732e-43,0
0x2290d0361d4,0,5.55818,88.8409
0x2290d0361d8,5.55818,88.8409,10.8238
0x2290d0361dc,88.8409,10.8238,-16.4492
0x2290d0361e0,10.8238,-16.4492,-0.177754
0x2290d0361e4,-16.4492,-0.177754,-5.24961
0x2290d0361e8,-0.177754,-5.24961,11.0037
0x2290d0361ec,-5.24961,11.0037,44.5093
0x2290d0361f0,11.0037,44.5093,8.03671
0x2290d0361f4,44.5093,8.03671,1.4013e-45
0x2290d0369fc,7.33188,1.4013e-45,0
0x2290d036a50,1.06991,1.06991,-1
0x2290d036a8c,1.06991,1.06991,1.06991
0x2290d036a90,1.06991,1.06991,-1
0x2290d036b84,0,0,1.06991
0x2290d036b8c,1.06991,0,0
0x2290d036bf0,248.452,1,3.58732e-43
0x2290d036bf4,1,3.58732e-43,0
0x2290d036c24,0,5.55818,88.8409
0x2290d036c28,5.55818,88.8409,10.8238
0x2290d036c2c,88.8409,10.8238,-16.4492
0x2290d036c30,10.8238,-16.4492,-0.177754
0x2290d036c34,-16.4492,-0.177754,-5.24961
0x2290d036c38,-0.177754,-5.24961,11.0037
0x2290d036c3c,-5.24961,11.0037,44.5093
0x2290d036c40,11.0037,44.5093,8.03671
0x2290d036c44,44.5093,8.03671,1.4013e-45
0x2290d03a7dc,7.33209,1.4013e-45,0
0x2290d03a81c,7.74918e-43,343.63,0
0x2290d03a820,343.63,0,144.14
0x2290d03a824,0,144.14,1.06975
0x2290d03a828,144.14,1.06975,1.06975
0x2290d03a830,1.06975,1.06975,-1.83697e-16
0x2290d03a86c,1.06975,1.06975,1.06975
0x2290d03a8ac,1,1.6291e-24,7.74918e-43
0x2290d03a924,1,1,1
0x2290d03a928,1,1,1
0x2290d03a92c,1,1,0
0x2290d03a930,1,0,0
0x2290d03a934,0,0,0
0x2290d03a938,0,0,1
0x2290d03a940,1,0,0
0x2290d03a954,0,-1.96509e-16,0
0x2290d03a958,-1.96509e-16,0,1.06975
0x2290d03a964,0,0,1.06975
0x2290d03a96c,1.06975,0,0
0x2290d03a97c,0,-1.96509e-16,0
0x2290d03a9c4,0,-134.742,0
0x2290d03a9c8,-134.742,0,321.226
0x2290d03a9d0,321.226,1,3.58732e-43
0x2290d03a9d4,1,3.58732e-43,0
0x2290d03aa04,0,6.76477,33.3914
0x2290d03aa08,6.76477,33.3914,12.9711
0x2290d03aa0c,33.3914,12.9711,-9.7074
0x2290d03aa10,12.9711,-9.7074,-0.143109
0x2290d03aa14,-9.7074,-0.143109,-4.48005
0x2290d03aa18,-0.143109,-4.48005,8.23609
0x2290d03aa1c,-4.48005,8.23609,16.7673
0x2290d03aa20,8.23609,16.7673,8.72557
0x2290d03aa24,16.7673,8.72557,1.4013e-45
0x2290d03aebc,7.33218,1.4013e-45,0
0x2290d03af10,1,1,1
0x2290d03af14,1,1,0
0x2290d03af3c,0,340.261,14.9552
0x2290d03af40,340.261,14.9552,144.102
0x2290d03af44,14.9552,144.102,1.07028
0x2290d03af4c,1.07028,1.07028,1.07028
0x2290d03af50,1.07028,1.07028,-0.00240395
0x2290d03b004,1,1,1
0x2290d03b008,1,1,1
0x2290d03b00c,1,1,0
0x2290d03b010,1,0,0
0x2290d03b014,0,0,0
0x2290d03b018,0,0,1
0x2290d03b020,1,0,0
0x2290d03b034,0,-0.00257291,0.00228757
0x2290d03b038,-0.00257291,0.00228757,1.07028
0x2290d03b044,0,0.000911582,1.07028
0x2290d03b048,0.000911582,1.07028,-0.00228551
0x2290d03b04c,1.07028,-0.00228551,0
0x2290d03b0a4,0,-133.904,-13.9564
0x2290d03b0b4,1,3.58732e-43,0
0x2290d03b0e8,3.47226,2.47593,3.1134
0x2290d03b0ec,2.47593,3.1134,-4.02492
0x2290d03b0f0,3.1134,-4.02492,-8.90744
0x2290d03b0f4,-4.02492,-8.90744,-8.12013
0x2290d03b0f8,-8.90744,-8.12013,3.74859
0x2290d03b0fc,-8.12013,3.74859,5.69169
0x2290d03b100,3.74859,5.69169,5.61677
0x2290d03b104,5.69169,5.61677,1.4013e-45
0x2290d03c35c,7.33225,1.4013e-45,0
0x2290d03c3b0,1.29585,1.29585,-1
0x2290d03c3ec,1.29585,1.29585,1.29585
0x2290d03c3f0,1.29585,1.29585,-1
0x2290d03c42c,1,1.62952e-24,7.74918e-43
0x2290d03c4a4,1,1,1
0x2290d03c4a8,1,1,1
0x2290d03c4ac,1,1,0
0x2290d03c4b0,1,0,0
0x2290d03c4b4,0,0,0
0x2290d03c4b8,0,0,1
0x2290d03c4c0,1,0,0
0x2290d03c4e4,0,0,1.29585
0x2290d03c4ec,1.29585,0,0
0x2290d03c544,0,205.649,-0
0x2290d03c548,205.649,-0,302.628
0x2290d03c550,302.628,1,3.58732e-43
0x2290d03c554,1,3.58732e-43,0
0x2290d03c584,0,6.76477,33.3914
0x2290d03c588,6.76477,33.3914,12.9711
0x2290d03c58c,33.3914,12.9711,-9.7074
0x2290d03c590,12.9711,-9.7074,-0.143109
0x2290d03c594,-9.7074,-0.143109,-4.48005
0x2290d03c598,-0.143109,-4.48005,8.23609
0x2290d03c59c,-4.48005,8.23609,16.7673
0x2290d03c5a0,8.23609,16.7673,8.72557
0x2290d03c5a4,16.7673,8.72557,1.4013e-45
0x2290d03ca3c,7.33225,1.4013e-45,0
0x2290d03ca80,0,0,0
0x2290d03ca84,0,0,1
0x2290d03ca88,0,1,1
0x2290d03ca90,1,1,1
0x2290d03ca94,1,1,0
0x2290d03cabc,0,266.536,18.1162
0x2290d03cac0,266.536,18.1162,388.079
0x2290d03cac4,18.1162,388.079,1.2965
0x2290d03cacc,1.2965,1.2965,1.2965
0x2290d03cad0,1.2965,1.2965,-0.999995
0x2290d03cb84,1,1,1
0x2290d03cb88,1,1,1
0x2290d03cb8c,1,1,0
0x2290d03cb90,1,0,0
0x2290d03cb94,0,0,0
0x2290d03cb98,0,0,1
0x2290d03cba0,1,0,0
0x2290d03cbc4,0,0.00276858,1.2965
0x2290d03cbc8,0.00276858,1.2965,0.00110425
0x2290d03cbcc,1.2965,0.00110425,0
0x2290d03cc24,0,206.269,-14.667
0x2290d03cc34,1,3.58732e-43,0
0x2290d03cc64,0,3.47226,2.47593
0x2290d03cc68,3.47226,2.47593,3.1134
0x2290d03cc6c,2.47593,3.1134,-4.02492
0x2290d03cc70,3.1134,-4.02492,-8.90744
0x2290d03cc74,-4.02492,-8.90744,-8.12013
0x2290d03cc78,-8.90744,-8.12013,3.74859
0x2290d03cc7c,-8.12013,3.74859,5.69169
0x2290d03cc80,3.74859,5.69169,5.61677
0x2290d03cc84,5.69169,5.61677,1.4013e-45
0x2290d03ec9c,7.33233,1.4013e-45,0
0x2290d03ecf0,1.2661,1.2661,1
0x2290d03ed2c,1.2661,1.2661,1.2661
0x2290d03ed30,1.2661,1.2661,1
0x2290d03ed6c,1,1.63011e-24,7.74918e-43
0x2290d03ede4,1,1,1
0x2290d03ede8,1,1,1
0x2290d03edec,1,1,0
0x2290d03edf0,1,0,0
0x2290d03edf4,0,0,0
0x2290d03edf8,0,0,1
0x2290d03ee00,1,0,0
0x2290d03ee18,1.2661,0,0
0x2290d03ee24,0,0,1.2661
0x2290d03ee2c,1.2661,0,0
0x2290d03ee34,0,0,0
0x2290d03ee94,1,3.58732e-43,0
0x2290d03eec4,0,6.75632,34.6814
0x2290d03eec8,6.75632,34.6814,11.0124
0x2290d03eecc,34.6814,11.0124,-10.1967
0x2290d03eed0,11.0124,-10.1967,-1.6716
0x2290d03eed4,-10.1967,-1.6716,-4.48212
0x2290d03eed8,-1.6716,-4.48212,8.47652
0x2290d03eedc,-4.48212,8.47652,18.1765
0x2290d03eee0,8.47652,18.1765,7.74726
0x2290d03eee4,18.1765,7.74726,1.4013e-45
0x2290d03f37c,7.33234,1.4013e-45,0
0x2290d03f3d0,1,1,1
0x2290d03f3d4,1,1,0
0x2290d03f40c,1.26674,1.26674,1.26674
0x2290d03f410,1.26674,1.26674,0.999995
0x2290d03f4c4,1,1,1
0x2290d03f4c8,1,1,1
0x2290d03f4cc,1,1,0
0x2290d03f4d0,1,0,0
0x2290d03f4d4,0,0,0
0x2290d03f4d8,0,0,1
0x2290d03f4e0,1,0,0
0x2290d03f4f8,1.26673,0.00270747,0.00304518
0x2290d03f504,0,-0.00270503,1.26674
0x2290d03f50c,1.26674,-0.00107891,0
0x2290d03f514,0,-0.00304733,0.0010724
0x2290d03f574,1,3.58732e-43,0
0x2290d03f5a4,0,3.47226,2.47593
0x2290d03f5a8,3.47226,2.47593,3.1134
0x2290d03f5ac,2.47593,3.1134,-4.02492
0x2290d03f5b0,3.1134,-4.02492,-8.90744
0x2290d03f5b4,-4.02492,-8.90744,-8.12013
0x2290d03f5b8,-8.90744,-8.12013,3.74859
0x2290d03f5bc,-8.12013,3.74859,5.69169
0x2290d03f5c0,3.74859,5.69169,5.61677
0x2290d03f5c4,5.69169,5.61677,1.4013e-45
0x2290d03fa5c,7.33235,1.4013e-45,0
0x2290d03faa4,-85.19,438.33,1.19016
0x2290d03faa8,438.33,1.19016,1.19016
0x2290d03fab0,1.19016,1.19016,-1
0x2290d03faec,1.19016,1.19016,1.19016
0x2290d03faf0,1.19016,1.19016,-1
0x2290d03fb2c,1,1.63037e-24,7.74918e-43
0x2290d03fba4,1,1,1
0x2290d03fba8,1,1,1
0x2290d03fbac,1,1,0
0x2290d03fbb0,1,0,0
0x2290d03fbb4,0,0,0
0x2290d03fbb8,0,0,1
0x2290d03fbc0,1,0,0
0x2290d03fbe4,0,0,1.19016
0x2290d03fbec,1.19016,0,0
0x2290d03fc50,368.296,1,3.58732e-43
0x2290d03fc54,1,3.58732e-43,0
0x2290d03fc84,0,6.75632,34.6814
0x2290d03fc88,6.75632,34.6814,11.0124
0x2290d03fc8c,34.6814,11.0124,-10.1967
0x2290d03fc90,11.0124,-10.1967,-1.6716
0x2290d03fc94,-10.1967,-1.6716,-4.48212
0x2290d03fc98,-1.6716,-4.48212,8.47652
0x2290d03fc9c,-4.48212,8.47652,18.1765
0x2290d03fca0,8.47652,18.1765,7.74726
0x2290d03fca4,18.1765,7.74726,1.4013e-45
0x2290d04013c,7.33236,1.4013e-45,0
0x2290d040190,1,1,1
0x2290d040194,1,1,0
0x2290d0401c4,-68.5514,434.582,1.19075
0x2290d0401cc,1.19075,1.19075,1.19075
0x2290d0401d0,1.19075,1.19075,-0.999995
0x2290d040284,1,1,1
0x2290d040288,1,1,1
0x2290d04028c,1,1,0
0x2290d040290,1,0,0
0x2290d040294,0,0,0
0x2290d040298,0,0,1
0x2290d0402a0,1,0,0
0x2290d0402c4,0,0.00254277,1.19075
0x2290d0402c8,0.00254277,1.19075,0.00101419
0x2290d0402cc,1.19075,0.00101419,0
0x2290d040334,1,3.58732e-43,0
0x2290d040364,0,3.47226,2.47593
0x2290d040368,3.47226,2.47593,3.1134
0x2290d04036c,2.47593,3.1134,-4.02492
0x2290d040370,3.1134,-4.02492,-8.90744
0x2290d040374,-4.02492,-8.90744,-8.12013
0x2290d040378,-8.90744,-8.12013,3.74859
0x2290d04037c,-8.12013,3.74859,5.69169
0x2290d040380,3.74859,5.69169,5.61677
0x2290d040384,5.69169,5.61677,1.4013e-45
0x2290d04081c,7.33238,1.4013e-45,0
0x2290d040870,1.26005,1.26005,1
0x2290d0408ac,1.26005,1.26005,1.26005
0x2290d0408b0,1.26005,1.26005,1
0x2290d0408ec,1,1.6306e-24,7.74918e-43
0x2290d040964,1,1,1
0x2290d040968,1,1,1
0x2290d04096c,1,1,0
0x2290d040970,1,0,0
0x2290d040974,0,0,0
0x2290d040978,0,0,1
0x2290d040980,1,0,0
0x2290d040998,1.26005,0,0
0x2290d0409a4,0,0,1.26005
0x2290d0409ac,1.26005,0,0
0x2290d0409b4,0,0,0
0x2290d040a14,1,3.58732e-43,0
0x2290d040a44,0,6.75632,34.6814
0x2290d040a48,6.75632,34.6814,11.0124
0x2290d040a4c,34.6814,11.0124,-10.1967
0x2290d040a50,11.0124,-10.1967,-1.6716
0x2290d040a54,-10.1967,-1.6716,-4.48212
0x2290d040a58,-1.6716,-4.48212,8.47652
0x2290d040a5c,-4.48212,8.47652,18.1765
0x2290d040a60,8.47652,18.1765,7.74726
0x2290d040a64,18.1765,7.74726,1.4013e-45
0x2290d040efc,7.33239,1.4013e-45,0
0x2290d040f40,0,0,0
0x2290d040f44,0,0,1
0x2290d040f48,0,1,1
0x2290d040f50,1,1,1
0x2290d040f54,1,1,0
0x2290d040f8c,1.26068,1.26069,1.26068
0x2290d040f90,1.26069,1.26068,0.999995
0x2290d041044,1,1,1
0x2290d041048,1,1,1
0x2290d04104c,1,1,0
0x2290d041050,1,0,0
0x2290d041054,0,0,0
0x2290d041058,0,0,1
0x2290d041060,1,0,0
0x2290d041078,1.26068,0.00269452,0.00303063
0x2290d041084,0,-0.0026921,1.26068
0x2290d04108c,1.26068,-0.00107375,0
0x2290d041094,0,-0.00303276,0.00106727
0x2290d0410f4,1,3.58732e-43,0
0x2290d041124,0,3.47226,2.47593
0x2290d041128,3.47226,2.47593,3.1134
0x2290d04112c,2.47593,3.1134,-4.02492
0x2290d041130,3.1134,-4.02492,-8.90744
0x2290d041134,-4.02492,-8.90744,-8.12013
0x2290d041138,-8.90744,-8.12013,3.74859
0x2290d04113c,-8.12013,3.74859,5.69169
0x2290d041140,3.74859,5.69169,5.61677
0x2290d041144,5.69169,5.61677,1.4013e-45
0x2290d044cdc,7.33246,1.4013e-45,0
0x2290d044d30,1.18566,1.18566,-1
0x2290d044d6c,1.18566,1.18566,1.18566
0x2290d044d70,1.18566,1.18566,-1
0x2290d044dac,1,1.62834e-24,7.74918e-43
0x2290d044e24,1,1,1
0x2290d044e28,1,1,1
0x2290d044e2c,1,1,0
0x2290d044e30,1,0,0
0x2290d044e34,0,0,0
0x2290d044e38,0,0,1
0x2290d044e40,1,0,0
0x2290d044e64,0,0,1.18566
0x2290d044e6c,1.18566,0,0
0x2290d044ed0,370.233,1,3.58732e-43
0x2290d044ed4,1,3.58732e-43,0
0x2290d044f04,0,6.75632,34.6814
0x2290d044f08,6.75632,34.6814,11.0124
0x2290d044f0c,34.6814,11.0124,-10.1967
0x2290d044f10,11.0124,-10.1967,-1.6716
0x2290d044f14,-10.1967,-1.6716,-4.48212
0x2290d044f18,-1.6716,-4.48212,8.47652
0x2290d044f1c,-4.48212,8.47652,18.1765
0x2290d044f20,8.47652,18.1765,7.74726
0x2290d044f24,18.1765,7.74726,1.4013e-45
0x2290d0453bc,7.33246,1.4013e-45,0
0x2290d045410,1,1,1
0x2290d045414,1,1,0
0x2290d045444,-68.6143,435.236,1.18625
0x2290d04544c,1.18625,1.18626,1.18625
0x2290d045450,1.18626,1.18625,-0.999995
0x2290d045504,1,1,1
0x2290d045508,1,1,1
0x2290d04550c,1,1,0
0x2290d045510,1,0,0
0x2290d045514,0,0,0
0x2290d045518,0,0,1
0x2290d045520,1,0,0
0x2290d045544,0,0.00253316,1.18625
0x2290d045548,0.00253316,1.18625,0.00101036
0x2290d04554c,1.18625,0.00101036,0
0x2290d0455b4,1,3.58732e-43,0
0x2290d0455e4,0,3.47226,2.47593
0x2290d0455e8,3.47226,2.47593,3.1134
0x2290d0455ec,2.47593,3.1134,-4.02492
0x2290d0455f0,3.1134,-4.02492,-8.90744
0x2290d0455f4,-4.02492,-8.90744,-8.12013
0x2290d0455f8,-8.90744,-8.12013,3.74859
0x2290d0455fc,-8.12013,3.74859,5.69169
0x2290d045600,3.74859,5.69169,5.61677
0x2290d045604,5.69169,5.61677,1.4013e-45
0x2290d0483dc,7.33252,1.4013e-45,0
0x2290d048430,1.20142,1.20142,6.12323e-17
0x2290d04846c,1.20142,1.20142,1.20142
0x2290d0484ac,1,3.12708e-22,7.74918e-43
0x2290d048524,1,1,1
0x2290d048528,1,1,1
0x2290d04852c,1,1,0
0x2290d048530,1,0,0
0x2290d048534,0,0,0
0x2290d048538,0,0,1
0x2290d048540,1,0,0
0x2290d048564,0,-0,1.20142
0x2290d04856c,1.20142,0,0
0x2290d048578,1.20142,0,7.35657e-17
0x2290d0485d4,1,3.58732e-43,0
0x2290d048604,0,6.76477,33.3914
0x2290d048608,6.76477,33.3914,12.9711
0x2290d04860c,33.3914,12.9711,-9.7074
0x2290d048610,12.9711,-9.7074,-0.143109
0x2290d048614,-9.7074,-0.143109,-4.48005
0x2290d048618,-0.143109,-4.48005,8.23609
0x2290d04861c,-4.48005,8.23609,16.7673
0x2290d048620,8.23609,16.7673,8.72557
0x2290d048624,16.7673,8.72557,1.4013e-45
0x2290d048ab8,0.00191875,7.33253,1.4013e-45
0x2290d048abc,7.33253,1.4013e-45,0
0x2290d048b00,0,0,0
0x2290d048b04,0,0,1
0x2290d048b08,0,1,1
0x2290d048b10,1,1,1
0x2290d048b14,1,1,0
0x2290d048b44,16.7961,470.082,1.20202
0x2290d048b4c,1.20202,1.20202,1.20202
0x2290d048b50,1.20202,1.20202,0.00240395
0x2290d048c04,1,1,1
0x2290d048c08,1,1,1
0x2290d048c0c,1,1,0
0x2290d048c10,1,0,0
0x2290d048c14,0,0,0
0x2290d048c18,0,0,1
0x2290d048c20,1,0,0
0x2290d048c44,0,-0.00102379,1.20202
0x2290d048c4c,1.20202,0.00256683,0
0x2290d048cb4,1,3.58732e-43,0
0x2290d048ce4,0,3.47226,2.47593
0x2290d048ce8,3.47226,2.47593,3.1134
0x2290d048cec,2.47593,3.1134,-4.02492
0x2290d048cf0,3.1134,-4.02492,-8.90744
0x2290d048cf4,-4.02492,-8.90744,-8.12013
0x2290d048cf8,-8.90744,-8.12013,3.74859
0x2290d048cfc,-8.12013,3.74859,5.69169
0x2290d048d00,3.74859,5.69169,5.61677
0x2290d048d04,5.69169,5.61677,1.4013e-45
0x2290d08b7cc,7.34377,1.4013e-45,0
0x2290d08b810,0,0,0
0x2290d08b814,0,0,1
0x2290d08b818,0,1,1
0x2290d08b820,1,1,1
0x2290d08b824,1,1,0
0x2290d08b854,1.73364,316.717,1
0x2290d08b85c,1,1,1
0x2290d08b860,1,1,1
0x2290d08b88c,0,0,1
0x2290d08b890,0,1,1
0x2290d08b894,1,1,1
0x2290d08b89c,1,-8.2497e-35,7.74918e-43
0x2290d08b914,1,1,1
0x2290d08b918,1,1,1
0x2290d08b91c,1,1,0
0x2290d08b920,1,0,0
0x2290d08b924,0,0,0
0x2290d08b928,0,0,1
0x2290d08b930,1,0,0
0x2290d08b948,1,0,0
0x2290d08b954,0,0,1
0x2290d08b95c,1,0,0
0x2290d08b964,0,0,0
0x2290d08b980,316.717,1,1
0x2290d08b984,1,1,0
0x2290d08b988,1,0,0
0x2290d08b9c4,1,3.58732e-43,0
0x2290d08b9f4,0,32.2399,33.3703
0x2290d08b9f8,32.2399,33.3703,2.59958
0x2290d08b9fc,33.3703,2.59958,-32.2399
0x2290d08ba00,2.59958,-32.2399,-31.1095
0x2290d08ba04,-32.2399,-31.1095,-2.59958
0x2290d08ba08,-31.1095,-2.59958,32.2399
0x2290d08ba0c,-2.59958,32.2399,32.2399
0x2290d08ba10,32.2399,32.2399,2.59958
0x2290d08ba14,32.2399,2.59958,1.4013e-45
0x2290d08bb3c,7.34389,1.4013e-45,0
0x2290d08bb80,0,0,0
0x2290d08bb84,0,0,2.5
0x2290d08bb88,0,2.5,2.5
0x2290d08bb90,2.5,2.5,1
0x2290d08bb94,2.5,1,0
0x2290d08bbcc,2.5,2.5,2.5
0x2290d08bbd0,2.5,2.5,1
0x2290d08bc0c,2.5,-8.25745e-35,7.74918e-43
0x2290d08bc84,1,1,1
0x2290d08bc88,1,1,1
0x2290d08bc8c,1,1,0
0x2290d08bc90,1,0,0
0x2290d08bc94,0,0,0
0x2290d08bc98,0,0,1
0x2290d08bca0,1,0,0
0x2290d08bcb8,2.5,0,0
0x2290d08bcc4,0,0,2.5
0x2290d08bccc,2.5,0,0
0x2290d08bcd4,0,0,0
0x2290d08bd28,-494.493,-0.693457,-132.626
0x2290d08bd34,1,3.58732e-43,0
0x2290d08bd64,0,294.307,64.9632
0x2290d08bd68,294.307,64.9632,102.453
0x2290d08bd6c,64.9632,102.453,-294.307
0x2290d08bd70,102.453,-294.307,-64.9632
0x2290d08bd74,-294.307,-64.9632,-102.453
0x2290d08bd78,-64.9632,-102.453,294.307
0x2290d08bd7c,-102.453,294.307,64.9632
0x2290d08bd80,294.307,64.9632,102.453
0x2290d08bd84,64.9632,102.453,1.4013e-45
0x2290d08dd9c,7.34436,1.4013e-45,0
0x2290d08ddf0,2.50916,2.50916,1
0x2290d08ddf4,2.50916,1,0
0x2290d08de2c,2.50916,2.50916,2.50916
0x2290d08de30,2.50916,2.50916,1
0x2290d08de34,2.50916,1,0
0x2290d08de3c,0,0,0
0x2290d08de40,0,0,1
0x2290d08de48,1,0,0
0x2290d08de6c,1,-8.27207e-35,7.74918e-43
0x2290d08dee4,1,1,1
0x2290d08dee8,1,1,1
0x2290d08deec,1,1,0
0x2290d08def0,1,0,0
0x2290d08def4,0,0,0
0x2290d08def8,0,0,1
0x2290d08df00,1,0,0
0x2290d08df18,2.50916,0,0
0x2290d08df24,0,0,2.50916
0x2290d08df2c,2.50916,0,0
0x2290d08df34,0,0,0
0x2290d08df80,0.39854,0,0
0x2290d08df88,0,0,0
0x2290d08df94,1,3.58732e-43,0
0x2290d08dfbc,0,0,0
0x2290d08dfc0,0,0,6.10445
0x2290d08dfc4,0,6.10445,28.744
0x2290d08dfc8,6.10445,28.744,10.98
0x2290d08dfcc,28.744,10.98,-25.1562
0x2290d08dfd0,10.98,-25.1562,-0.862188
0x2290d08dfd4,-25.1562,-0.862188,-4.47279
0x2290d08dfd8,-0.862188,-4.47279,15.6303
0x2290d08dfdc,-4.47279,15.6303,14.8031
0x2290d08dfe0,15.6303,14.8031,7.72637
0x2290d08dfe4,14.8031,7.72637,1.4013e-45
0x2290d08f91c,7.56923,1.4013e-45,0
0x2290d08f970,1,1,1
0x2290d08f974,1,1,0
0x2290d08f9a4,0.454941,59.0267,1.8108
0x2290d08f9ac,1.8108,1.8108,1.8108
0x2290d08f9b0,1.8108,1.8108,0.0559863
0x2290d08fa94,0,0.10138,0
0x2290d08fa98,0.10138,0,1.80796
0x2290d08faa4,0,0,1.8108
0x2290d08faac,1.8108,0,0
0x2290d08fb04,0,-53.3236,-0.251238
0x2290d08fb08,-53.3236,-0.251238,368.712
0x2290d08fb10,368.712,1,3.58732e-43
0x2290d08fb14,1,3.58732e-43,0
0x22910caa2d0,2.02634e-27,7.74918e-43,-0.0255747
0x22910caa404,0,0,0
0x22910caa40c,0,1.0002,1
0x22910caa410,1.0002,1,0
0x22910caa414,1,0,0
0x22910caa460,1,1,0.988228
0x22910caa464,1,0.988228,0.0445415
0x22910caa468,0.988228,0.0445415,0.146358
0x22910caa470,0.146358,0,-7.21494e-05
0x22910caa47c,0.956814,-0.290702,0
0x22910caa4a4,1,0.988228,-7.21551e-05
0x22910caa4e4,1,0.872118,0.0699162
0x22910caa5a4,0,0,0
0x22910caa5a8,0,0,0.48039
0x22910caa5ac,0,0.48039,0.560143
0x22910caa5b0,0.48039,0.560143,0.506656
0x22910caa5b4,0.560143,0.506656,-0.44583
0x22910caa5b8,0.506656,-0.44583,0.0352517
0x22910caa5bc,-0.44583,0.0352517,0.736902
0x22910caa5c0,0.0352517,0.736902,0.673929
0x22910caa5c4,0.736902,0.673929,0
0x22910caa5c8,0.673929,0,0
0x22910caa5cc,0,0,0.678799
0x22910caa648,2.10195e-44,0,0
0x22910caa64c,0,0,0.55116
0x22910caa654,0.55116,-5.42925e-25,4.59093e-41
0x22910caa678,2.10195e-44,0,0.297911
0x22911761bec,-6.374e-28,6.34413e-17,5.08841e-14
0x22911761bf0,6.34413e-17,5.08841e-14,171.353
0x22911761bf8,171.353,-2.55486e-29,0
0x229120fc5cc,1,0,0
0x229120fc5d8,1,0,0
0x229120fc608,-1.5141,0,0
0x229120fc614,1.05,0,0
0x229120fc618,0,0,1
0x229120fc620,1,0,0
0x229120fc648,1,0,0
0x229120fc67c,1,-0,1
0x229120fc6f8,85.8549,1,266.519
0x229120fc70c,1,0,0
0x229120fc744,1.05,0,0
0x229120fc74c,0,0,0
0x229120fc7a8,146.594,1,0
0x229120fc7ac,1,0,1
0x229120fdfec,1,-1,0
0x229120fe04c,1,0,0
0x229120fe0bc,0,-0.707107,0
0x229120fe0d8,-185.397,1,0.707107
0x229120fe0dc,1,0.707107,0
0x229120fe11c,1,-1,0
0x229120fe17c,1,1,0
0x2291379cfd8,-1.22465e-16,0,0
0x2291379cfdc,0,0,1
0x2291379cfe4,1,0,0
0x2291379d00c,1,-1,0
0x2291379d04c,1,-0.00863969,0.0401797
0x2291379d050,-0.00863969,0.0401797,0.0897365
0x2291379d0b4,0,0,0
0x2291379d0b8,0,0,0.402331
0x2291379d0bc,0,0.402331,0.275823
0x2291379d0c4,0.275823,0.100176,1
0x2291379d0c8,0.100176,1,0.0825718
0x2291379d0cc,1,0.0825718,-0.400698
0x2291379d0d0,0.0825718,-0.400698,-0.912482
0x2291379d1d8,-1.22465e-16,0,0
0x2291379d1dc,0,0,1
0x2291379d1e4,1,0,0
0x2291379d20c,1,-1,0
0x2291379d24c,1,0.00178512,0.0172735
0x2291379d250,0.00178512,0.0172735,-0.00386992
0x2291379d2dc,1,-0.017516,-0.124141
0x2291379d44c,1,-0.0214742,-0.0198685
0x2291379d4b4,0.000194398,-6.46095e-05,0
0x2291379d4bc,0,0.27917,0.250955
0x2291379d4c4,0.250955,0.139376,1
0x2291379d4cc,1,0.478803,0.469969
0x2291379d4d8,-0.741537,0.0620776,0.317388
0x2291379d4dc,0.0620776,0.317388,0.294865
0x2291379d7c4,0,0,0
0x2291379d7c8,0,0,0.069797
0x2291379d7cc,0,0.069797,0
0x2291379d7d0,0.069797,0,0.997561
0x2291379d7d8,0.997561,0,0
0x2291379d7dc,0,0,1
0x2291379d7e4,1,0,0
0x2291379d80c,1,0.069797,0
0x22915ad7420,16.0328,8.5655,1.4013e-45
0x22915ad747c,7.17984,9.61587,6.19501
0x22915ad7480,9.61587,6.19501,1.4013e-45
0x22915ad74d4,-1.77453,162.478,24.9339
0x22915ad74d8,162.478,24.9339,36.7794
0x22915ad74dc,24.9339,36.7794,41.2849
0x22915ad74e0,36.7794,41.2849,1.4013e-45
0x22915ad759c,40,0,8
0x22915ad75f4,-20.1848,-259.564,5.69385
0x22915ad75fc,5.69385,4.7196,5.69393
0x22915ad7600,4.7196,5.69393,1.4013e-45
0x22917a62e2c,0,0,0
0x22917a62e30,0,0,0.803922
0x22917a62e34,0,0.803922,0.129412
0x22917a62e38,0.803922,0.129412,0.129412
0x22917a62e3c,0.129412,0.129412,0
0x22917a62e40,0.129412,0,0
0x22917a62e44,0,0,1
0x22917a62e4c,1,0,0
0x22917a62e50,0,0,202.018
0x22917a62e54,0,202.018,55.7625
0x22917a62e64,70,0.807192,-0.414277
0x22917a62e68,0.807192,-0.414277,-0.420495
0x22917a62ec4,-0.966666,202.825,55.3481
0x22917a62ec8,202.825,55.3481,179.49
0x22917a62f08,0,0,0
0x22917a62f10,0,1,1
0x22917a62f14,1,1,0
0x22917a62f18,1,0,0
0x22917a62f24,0,0,1
0x22917a62f2c,1,0,0
0x22917a62f40,1,0,0
0x22917a62f48,0,0,0
0x22917a62f50,0,1,1
0x22917a62f54,1,1,0
0x22917a62f58,1,0,0
0x22917a62f64,0,0,1
0x22917a62f6c,1,0,0
0x22917a62f80,1,0,0
0x22917a62f88,0,0,0
0x22917a62f94,1,0,0
0x22917a6330c,0,0,0
0x22917a63310,0,0,1.46102
0x22917a63314,0,1.46102,3.68817e-08
0x22917a63318,1.46102,3.68817e-08,0.835026
0x22917a6331c,3.68817e-08,0.835026,0.807192
0x22917a63320,0.835026,0.807192,1.40215
0x22917a63324,0.807192,1.40215,-1.76314
0x22917a63328,1.40215,-1.76314,-0.428563
0x22917a63330,-0.428563,-0.414277,1.42319
0x22917a63334,-0.414277,1.42319,1.73707
0x22917a63388,0,0,0
0x22917a63390,0,1,1
0x22917a63394,1,1,0
0x22917a63398,1,0,0
0x22917a633a4,0,0,1
0x22917a633ac,1,0,0
0x22917a633c0,1,0,0
0x22917a633c8,0,0,0
0x22917a633d0,0,1,1
0x22917a633d4,1,1,0
0x22917a633d8,1,0,0
0x22917a633e4,0,0,1
0x22917a633ec,1,0,0
0x22917a63400,1,0,0
0x22917a63408,0,0,0
0x22917a63414,1,0,0
0x22917b2c5d0,1.93773e-38,1.46937e-39,0.000122208
0x22917b2c5d8,0.000122208,2.52435e-29,4.99601e-16
0x2291b423ed4,0.959312,-0.175307,-0.751787
0x2291b423f0c,1,0,0
0x2291b423f14,0,0,1
0x2291b423f1c,1,0,0
0x2291b423f24,0,0,1
0x2291b423f48,0.0445553,0.956807,0.28729
0x2291b424028,1.4013e-45,1.4013e-44,0
0x2291b424034,1.06667,1.4013e-45,0
0x2291f3817f4,7.74918e-43,6.31502e-28,7.74918e-43
0x2291f3817f8,6.31502e-28,7.74918e-43,46.935
0x2291f381800,46.935,7.74918e-43,-8.40617e-25
0x2291f381804,7.74918e-43,-8.40617e-25,4.59093e-41
0x2291f381808,-8.40617e-25,4.59093e-41,48.2541
0x2291f381810,48.2541,7.74918e-43,-9.75038e-26
0x2291f398a28,1.73416e-06,7.74918e-43,0.00768062
0x2291f398a30,0.00768062,7.74918e-43,1.54459e-06
0x2292243bb84,0,0,0
0x2292243bb88,0,0,0.763634
0x2292243bb8c,0,0.763634,-0.544161
0x2292243bb90,0.763634,-0.544161,0.116204
0x2292243bb94,-0.544161,0.116204,0.0410722
0x2292243bb98,0.116204,0.0410722,-0.218011
0x2292243bb9c,0.0410722,-0.218011,-0.217915
0x2292243bba0,-0.218011,-0.217915,0.650774
0x2292243bba8,0.650774,-0.963163,0.607729
0x2292243bbac,-0.963163,0.607729,0.810186
0x2292243be74,0,0,0
0x2292243be78,0,0,0.805092
0x2292243be80,0.805092,-0.805092,0
0x2292243be8c,0,0,0
0x2292243be90,0,0,0.92388
0x2292243be98,0.92388,-0.92388,0.59315
0x2292243be9c,-0.92388,0.59315,0.59315
0x2292243bea8,0.382683,0.382683,0
0x2292243beac,0.382683,0,0
0x2292243bed4,-0,-0,-0
0x2292243bed8,-0,-0,1
0x2292243bee0,1,-1,-1
0x2292243bf84,390.615,0,0
0x2292243c168,2.65209e-18,7.74918e-43,223.468
0x2292243c170,223.468,0,0
0x2292243c174,0,0,0
0x2292243c178,0,0,221.823
0x2292243c180,221.823,0,0
0x2292243c33c,0,0,0
0x2292243c490,497.34,0,0
0x2292243c598,9.71743e-08,7.74918e-43,2.65241e-18
0x2292243c618,0,9.80909e-45,362.362
0x2292243c61c,9.80909e-45,362.362,351.373
0x2292243c620,362.362,351.373,0
0x2292243c624,351.373,0,0
0x2292244127c,0,0,0
0x22922441294,116.918,209.079,359.062
0x229224418ac,0,0,0
0x229224418b0,0,0,34.4322
0x229224428ec,0,0,0
0x229224428f0,0,0,385.577
0x229224428f8,385.577,0,0
0x229224428fc,0,0,393.383
0x22922442900,0,393.383,385.577
0x22922442914,393.383,385.577,394.609
0x2292244a8ec,1.97583e-42,2.66531e-18,7.74918e-43
0x2292244a8f0,2.66531e-18,7.74918e-43,159.291
0x2292244a8f4,7.74918e-43,159.291,227.048
0x2292244ad0c,2.18743e-42,2.66553e-18,7.74918e-43
0x2292244ad10,2.66553e-18,7.74918e-43,209.212
0x2292244ad14,7.74918e-43,209.212,492.036
0x2292244ad18,209.212,492.036,467.266
0x2292244ad1c,492.036,467.266,288.341
0x2292244ad20,467.266,288.341,286.096
0x2292244ad24,288.341,286.096,465.928
0x2292244ad28,286.096,465.928,460.903
0x2292244ad2c,465.928,460.903,406.606
0x2292244ad30,460.903,406.606,294.717
0x2292244ad34,406.606,294.717,483.446
0x2292245e640,7.00649e-45,0,-101.583
0x2292245e644,0,-101.583,101.583
0x2292245e760,7.00649e-45,0,-101.583
0x2292245e764,0,-101.583,101.583
0x2292245fe38,0,5.38099e-43,1.26117e-44
0x229224601a0,1.96182e-44,0,-221.557
0x229224601a4,0,-221.557,221.557
0x2292246e3f0,2.38221e-44,0,-425.924
0x2292246e3f4,0,-425.924,425.924
0x22922549b84,0,0,0
0x22922549b88,0,0,0.763634
0x22922549b8c,0,0.763634,-0.544161
0x22922549b90,0.763634,-0.544161,0.116204
0x22922549b94,-0.544161,0.116204,0.0410722
0x22922549b98,0.116204,0.0410722,-0.218011
0x22922549b9c,0.0410722,-0.218011,-0.217915
0x22922549ba0,-0.218011,-0.217915,0.650774
0x22922549ba8,0.650774,-0.963163,0.607729
0x22922549bac,-0.963163,0.607729,0.810186
0x22922549e74,0,0,0
0x22922549e78,0,0,0.805092
0x22922549e80,0.805092,-0.805092,0
0x22922549e9c,-0.92388,0.59315,0.59315
0x22922549ea8,0.382683,0.382683,0
0x22922549eac,0.382683,0,0
0x22922549f84,403.605,0,0
0x2292254a0d0,0,0,5.60519e-45
0x2292254a0d4,0,5.60519e-45,343.376
0x2292254a168,2.88079e-18,7.74918e-43,220.658
0x2292254a170,220.658,0,0
0x2292254a174,0,0,0
0x2292254a178,0,0,219.316
0x2292254a33c,0,0,0
0x2292254a490,497.34,0,0
0x2292254a598,2.88236e-18,7.74918e-43,2.88252e-18
0x2292254a618,2.88493e-18,7.74918e-43,360.087
0x2292254a61c,7.74918e-43,360.087,355.215
0x2292254a620,360.087,355.215,1.4013e-45
0x2292254a624,355.215,1.4013e-45,1.4013e-45
0x2292254f27c,0,0,0
0x2292254f294,116.918,209.079,359.062
0x2292254f8ac,0,0,0
0x2292254f8b0,0,0,34.9728
0x229225508ec,0,0,0
0x229225508f0,0,0,385.577
0x229225508f8,385.577,0,0
0x229225508fc,0,0,393.383
0x22922550900,0,393.383,385.577
0x22922550914,393.383,385.577,394.609
0x22922550dd4,27.6421,0,0
0x229225588ec,1.97583e-42,2.89401e-18,7.74918e-43
0x229225588f0,2.89401e-18,7.74918e-43,159.291
0x229225588f4,7.74918e-43,159.291,227.048
0x22922558d0c,2.18743e-42,2.89423e-18,7.74918e-43
0x22922558d10,2.89423e-18,7.74918e-43,209.212
0x22922558d14,7.74918e-43,209.212,492.036
0x22922558d18,209.212,492.036,467.266
0x22922558d1c,492.036,467.266,288.341
0x22922558d20,467.266,288.341,286.096
0x22922558d24,288.341,286.096,465.928
0x22922558d28,286.096,465.928,460.903
0x22922558d2c,465.928,460.903,406.606
0x22922558d30,460.903,406.606,294.717
0x22922558d34,406.606,294.717,483.446
0x2292255bdec,7.74918e-43,-8.56263e-39,7.74918e-43
0x2292255bdf0,-8.56263e-39,7.74918e-43,24.5718
0x2292255bdf8,24.5718,0,2.28398e-27
0x2292256bd00,4.2039e-45,0,-170.779
0x2292256bd04,0,-170.779,170.779
0x2292256c060,1.26117e-44,8.03561e-41,-476.801
0x2292256c064,8.03561e-41,-476.801,476.801
0x2292256c3b8,0,1.01734e-42,1.12104e-44
0x2292256c3c0,1.12104e-44,0.579911,-95.9271
0x2292256c3c4,0.579911,-95.9271,95.9271
0x2292256ca80,5.60519e-45,0,-286.425
0x2292256ca84,0,-286.425,286.425
0x2292257c760,2.38221e-44,0,-425.924
0x2292257c764,0,-425.924,425.924
0x22922655b84,0,0,0
0x22922655b88,0,0,0.763634
0x22922655b8c,0,0.763634,-0.544161
0x22922655b90,0.763634,-0.544161,0.116204
0x22922655b94,-0.544161,0.116204,0.0410722
0x22922655b98,0.116204,0.0410722,-0.218011
0x22922655b9c,0.0410722,-0.218011,-0.217915
0x22922655ba0,-0.218011,-0.217915,0.650774
0x22922655ba8,0.650774,-0.963163,0.607729
0x22922655bac,-0.963163,0.607729,0.810186
0x22922655e74,0,0,0
0x22922655e78,0,0,0.805092
0x22922655e80,0.805092,-0.805092,0
0x22922655e9c,-0.92388,0.59315,0.59315
0x22922655ea8,0.382683,0.382683,0
0x22922655eac,0.382683,0,0
0x22922655f84,401.255,0,0
0x229226560d0,0,0,5.60519e-45
0x229226560d4,0,5.60519e-45,343.376
0x22922656168,3.1078e-18,7.74918e-43,217.082
0x22922656170,217.082,0,0
0x22922656174,0,0,0
0x22922656178,0,0,223.216
0x22922656490,497.34,0,0
0x22922656598,0,9.80909e-45,0
0x22922656618,3.11066e-18,7.74918e-43,363.525
0x2292265661c,7.74918e-43,363.525,353.709
0x22922656620,363.525,353.709,3.10847e-18
0x22922656624,353.709,3.10847e-18,7.74918e-43
0x2292265b27c,0,0,0
0x2292265b294,116.918,209.079,359.062
0x229226648ec,1.97583e-42,3.12101e-18,7.74918e-43
0x229226648f0,3.12101e-18,7.74918e-43,159.291
0x229226648f4,7.74918e-43,159.291,227.048
0x22922664d0c,2.18743e-42,3.12123e-18,7.74918e-43
0x22922664d10,3.12123e-18,7.74918e-43,209.212
0x22922664d14,7.74918e-43,209.212,492.036
0x22922664d18,209.212,492.036,467.266
0x22922664d1c,492.036,467.266,288.341
0x22922664d20,467.266,288.341,286.096
0x22922664d24,288.341,286.096,465.928
0x22922664d28,286.096,465.928,460.903
0x22922664d2c,465.928,460.903,406.606
0x22922664d30,460.903,406.606,294.717
0x22922664d34,406.606,294.717,483.446
0x22922667dac,7.74918e-43,-8.56263e-39,7.74918e-43
0x22922667db0,-8.56263e-39,7.74918e-43,24.1798
0x22922667db8,24.1798,0,2.28398e-27
0x22922667dbc,7.74918e-43,-8.56263e-39,7.74918e-43
0x22922667dc0,-8.56263e-39,7.74918e-43,24.4208
0x22922667dc8,24.4208,0,2.28398e-27
0x229226783f0,9.80909e-45,8.03561e-41,-492.804
0x229226783f4,8.03561e-41,-492.804,492.804
0x22922678ab0,2.8026e-45,0,-478.219
0x22922678ab4,0,-478.219,478.219
0x22922679fb8,0,5.38099e-43,1.26117e-44
0x2292267a320,1.96182e-44,0,-221.557
0x2292267a324,0,-221.557,221.557
0x22922687f20,2.38221e-44,0,-425.924
0x22922687f24,0,-425.924,425.924
0x22922688644,7.74918e-43,-1.88779e-25,4.59093e-41
0x22922688648,-1.88779e-25,4.59093e-41,2.51569
0x22922688650,2.51569,6.91429e-41,0
0x22922688a90,0,0,-116.918
0x22922688a94,0,-116.918,116.918
0x22922688ad0,2.51569,6.91429e-41,0
0x22922688bb0,0,0,-209.079
0x22922688bb4,0,-209.079,209.079
0x22922688bf0,2.51569,6.91429e-41,0
0x229270f0044,0,0,0
0x229270f0048,0,0,0.152964
0x229270f004c,0,0.152964,0
0x229270f0050,0.152964,0,0.988232
0x229270f0054,0,0.988232,0
0x229270f0058,0.988232,0,1
0x229270f00dc,0,0,0
0x229270f00e4,0,1,0
0x229270f00e8,1,0,1
0x229270f00f0,1,0,0
0x229270f010c,0,0,0
0x229270f0114,0,1,0
0x229270f0118,1,0,1
0x229270f0120,1,0,0
0x229270f013c,0,0,0
0x229270f0144,0,1,0
0x229270f0148,1,0,1
0x229270f0150,1,0,0
0x229270f016c,0,0,0
0x229270f0174,0,1,0
0x229270f0178,1,0,1
0x229270f0180,1,0,0
0x229270f019c,0,0,0
0x229270f01a4,0,1,0
0x229270f01a8,1,0,1
0x229270f01b0,1,0,0
0x22927100080,0,0,0
0x22927100084,0,0,0.988232
0x2292710008c,0.988232,0,-0.152964
0x22927100090,0,-0.152964,0
0x22927100094,-0.152964,0,1
0x22927100098,0,1,0
0x2292710009c,1,0,0.152964
0x229271000a0,0,0.152964,0
0x229271000a4,0.152964,0,0.988232
0x229271000a8,0,0.988232,0.152964
0x229271000b0,0.152964,0,0.988232
0x229271000b8,0.988232,0,1
0x229271000d4,1,1.4013e-45,0
0x22927100110,0,0,0
0x22927100114,0,0,0.988232
0x2292710011c,0.988232,0,-0.152964
0x22927100120,0,-0.152964,0
0x22927100124,-0.152964,0,1
0x22927100128,0,1,0
0x2292710012c,1,0,0.152964
0x22927100130,0,0.152964,0
0x22927100134,0.152964,0,0.988232
0x22927100138,0,0.988232,0.152964
0x22927100140,0.152964,0,0.988232
0x22927100148,0.988232,0,1
0x22927100164,1,1.4013e-45,0
0x22927150044,0,0,0
0x22927150048,0,0,0.152964
0x2292715004c,0,0.152964,0
0x22927150050,0.152964,0,0.988232
0x22927150054,0,0.988232,0
0x22927150058,0.988232,0,1
0x22927150074,0,0,0
0x229271500ac,1,0,0
0x2292715038c,0,0,0
0x22927150390,0,0,1
0x22927150394,0,1,0
0x22927150398,1,0,1
0x229271503a0,1,0,0
0x229271503bc,1.0949,1,1
0x229271503c4,1,1,0
0x229271506cc,0,0,0
0x229271506d0,0,0,1
0x229271506d4,0,1,0
0x229271506d8,1,0,1
0x229271506e0,1,0,0
0x229271506fc,1.0949,1,1
0x22927150704,1,1,0
0x22927150a0c,0,0,0
0x22927150a10,0,0,1
0x22927150a14,0,1,0
0x22927150a18,1,0,1
0x22927150a20,1,0,0
0x22927150a3c,1.0949,1,1
0x22927150a44,1,1,0
0x22927150d4c,0,0,0
0x22927150d50,0,0,1
0x22927150d54,0,1,0
0x22927150d58,1,0,1
0x22927150d60,1,0,0
0x22927150d7c,1.0949,1,1
0x22927150d84,1,1,0
0x2292715108c,0,0,0
0x22927151090,0,0,1
0x22927151094,0,1,0
0x22927151098,1,0,1
0x229271510a0,1,0,-14
0x229271510a4,0,-14,0.5
0x229271510bc,1.10089,1,1
0x229271510c4,1,1,0
0x229271513c4,0,0,0
0x229271513c8,0,0,1
0x229271513d0,1,0,0
0x229271513d4,0,0,0
0x229271513d8,0,0,1
0x229271513f8,2.37175,0.611191,1
0x2292715142c,1,0,0
0x22927151704,0,0,0
0x22927151708,0,0,1
0x22927151710,1,0,0
0x22927151714,0,0,0
0x22927151718,0,0,1
0x22927151734,495.709,2.98559,1.28726
0x22927151738,2.98559,1.28726,1
0x22927151a4c,0,0,0
0x22927151a50,0,0,1
0x22927151a54,0,1,0
0x22927151a58,1,0,1
0x22927151a74,338.659,0.940821,2.02121
0x22927151d8c,0,0,0
0x22927151d90,0,0,1
0x22927151d94,0,1,0
0x22927151d98,1,0,1
0x22927151da0,1,0,0
0x22927151dbc,1.0949,1,1
0x22927151dc4,1,1,0
0x229271520d4,0,-0.999982,0
0x229271520d8,-0.999982,0,1
0x2292715212c,1,0,0
0x22927152404,0,0,0
0x22927152408,0,0,1
0x22927152410,1,0,0
0x22927152414,0,0,0
0x22927152418,0,0,1
0x22927152438,2.36888,0.609062,1
0x2292715246c,1,0,0
0x2292715274c,0,0,0
0x22927152750,0,0,1
0x22927152754,0,1,0
0x22927152758,1,0,1
0x22927152760,1,0,0
0x2292715277c,1.0949,1,1
0x22927152784,1,1,0
0x22927152a8c,0,0,0
0x22927152a90,0,0,1
0x22927152a94,0,1,0
0x22927152a98,1,0,1
0x22927152aa0,1,0,0
0x22927152abc,1.0949,1,1
0x22927152ac4,1,1,0
0x22927152dcc,0,0,0
0x22927152dd0,0,0,1
0x22927152dd4,0,1,0
0x22927152dd8,1,0,1
0x22927152de0,1,0,0
0x22927152dfc,1.0949,1,1
0x22927152e04,1,1,0
0x2292715310c,0,0,0
0x22927153110,0,0,1
0x22927153114,0,1,0
0x22927153118,1,0,1
0x22927153120,1,0,0
0x2292715313c,1.0949,1,1
0x22927153144,1,1,0
0x2292715344c,0,0,0
0x22927153450,0,0,1
0x22927153454,0,1,0
0x22927153458,1,0,1
0x22927153460,1,0,0
0x2292715347c,1.0949,1,1
0x22927153484,1,1,0
0x22927153a34,6.68139e-42,1.4013e-45,1.4013e-45
0x22927153a38,1.4013e-45,1.4013e-45,50
0x22927153a40,50,7.00649e-44,4.48416e-44
0x22927153a44,7.00649e-44,4.48416e-44,50
0x22927153acc,0,0,0
0x22927153ae4,0,-14,0.5
0x22927153afc,1.10089,1,1
0x22927153b04,1,1,0
0x22927153e14,0,-0.999982,0
0x22927153e18,-0.999982,0,1
0x22927153e6c,1,0,0
0x2292715448c,0,-0.998432,0
0x22927154490,-0.998432,0,0.0559863
0x22927154494,0,0.0559863,0
0x22927154498,0.0559863,0,1
0x229271544c4,1,1,0
0x229271544ec,1,0,0
0x229271547cc,0,0,0
0x229271547d0,0,0,1
0x229271547d4,0,1,0
0x229271547d8,1,0,1
0x229271547f4,10,1.53795,1.53795
0x22927154b04,0,0,0
0x22927154b08,0,0,0.988077
0x22927154b10,0.988077,0,-0.153964
0x22927154b14,0,-0.153964,0
0x22927154b18,-0.153964,0,1
0x22927154b1c,0,1,0
0x22927154b20,1,0,199.331
0x22927154b24,0,199.331,0.454941
0x22927154b6c,1,0,0
0x22927154c2c,0,0,1.12104e-44
0x22927154c30,0,1.12104e-44,101
0x22927154c38,101,0,0
0x22927154c3c,0,0,1.12104e-44
0x22927154c40,0,1.12104e-44,100
0x22927154c48,100,0,0
0x2292715518c,0,0,0
0x22927155190,0,0,1
0x22927155194,0,1,0
0x22927155198,1,0,1
0x229271551b4,153.293,1.55681,1.4451
0x229271554cc,0,0,0
0x229271554d0,0,0,1
0x229271554d4,0,1,0
0x229271554d8,1,0,1
0x229271554f4,199.99,0.0657368,3.09327
0x22927155804,0,0,0
0x22927155808,0,0,1
0x22927155810,1,0,0
0x22927155814,0,0,0
0x22927155818,0,0,1
0x22927155834,181.528,2.379,2.08594
0x22927155838,2.379,2.08594,1
0x22927155b4c,0,0,0
0x22927155b50,0,0,1
0x22927155b54,0,1,0
0x22927155b58,1,0,1
0x22927155b60,1,0,0
0x22927155b7c,1.0949,1,1
0x22927155b84,1,1,0
0x22927156134,6.68139e-42,1.4013e-45,1.4013e-45
0x229271561e4,0,151.024,1.7616
0x229271561f8,0.843075,0.846858,1
0x2292715622c,1,0,0
0x22927156514,0,-0.999982,0
0x22927156518,-0.999982,0,1
0x2292715656c,1,0,0
0x22927156b8c,0,0,0
0x22927156b90,0,0,1
0x22927156b94,0,1,0
0x22927156b98,1,0,1
0x22927156ba0,1,0,0
0x22927156bbc,1.0949,1,1
0x22927156bc4,1,1,0
0x22927157bcc,0,-0.998432,0
0x22927157bd0,-0.998432,0,0.0559863
0x22927157bd4,0,0.0559863,0
0x22927157bd8,0.0559863,0,1
0x22927157c04,1,1,0
0x22927157c2c,1,0,0
0x22927158254,0,-0.999982,0
0x22927158258,-0.999982,0,1
0x229271582ac,1,0,0
0x229271700b4,0,0,0
0x229271700b8,0,0,0.152964
0x229271700bc,0,0.152964,0
0x229271700c0,0.152964,0,0.988232
0x229271700c4,0,0.988232,0
0x229271700c8,0.988232,0,1
0x229271700e4,0,0,0
0x2292717011c,1,0,0
0x22927170124,0,0,0
0x22927170128,0,0,0.152964
0x22927170130,0.152964,0,0.988232
0x22927170134,0,0.988232,0
0x22927170154,0,0,0
0x2292717018c,1,0,0
0x229271703ac,3.67072e-40,9.80909e-41,0
0x229271703bc,1,0,0
0x2292717043c,0,0,0
0x22927170440,0,0,1
0x22927170444,0,1,0
0x22927170448,1,0,1
0x22927170450,1,0,0
0x2292717046c,1.0949,1,1
0x22927170474,1,1,0
0x229271704a4,0,0,0
0x229271704a8,0,0,1
0x229271704b0,1,0,0
0x229271704b4,0,0,0
0x229271704d8,2.37175,0.611191,1
0x2292717050c,1,0,0
0x2292717058c,0,0,0
0x22927170590,0,0,1
0x22927170594,0,1,0
0x22927170598,1,0,1
0x229271705a0,1,0,0
0x229271705a8,0,0,0
0x229271705ac,0,0,28.6181
0x229271705b0,0,28.6181,2.20836
0x229271705b4,28.6181,2.20836,0.93323
0x229271705bc,0.93323,1,1
0x229271705c4,1,1,0
0x229271705c8,1,0,0
0x229271705ec,1,0,0
0x229271705fc,0,0,0
0x22927170604,0,1,0
0x22927170624,199.99,0.0657368,3.09327
0x2292717066c,6.95986e-36,0,0
0x22927170674,0,1,0
0x22927170680,1,0,-14
0x22927170684,0,-14,0.5
0x2292717069c,1.10089,1,1
0x229271706a4,1,1,0
0x229271706dc,0,0,0
0x229271706e4,0,1,0
0x229271706f0,1,0,0
0x22927170704,0,0,0
0x2292717070c,0,1,1
0x22927170714,1,1,0
0x22927170718,1,0,0
0x2292717072c,3.67072e-40,9.80909e-41,0
0x2292717073c,1,0,0
0x229271707bc,0,0,0
0x229271707c0,0,0,1
0x229271707c4,0,1,0
0x229271707c8,1,0,1
0x229271707d0,1,0,0
0x229271707ec,1.0949,1,1
0x229271707f4,1,1,0
0x2292717082c,0,0,0
0x22927170834,0,1,0
0x22927170840,1,0,0
0x22927170848,0,0,0
0x2292717084c,0,0,28.6181
0x22927170850,0,28.6181,2.20836
0x22927170854,28.6181,2.20836,0.93323
0x2292717085c,0.93323,1,1
0x22927170864,1,1,0
0x22927170868,1,0,0
0x2292717088c,1,0,0
0x229271708a4,7.74918e-43,0,0
0x229271708c8,1.22785,0.511597,0
0x229271708fc,1,0,0
0x2292717097c,6.95986e-36,2.09612e-15,7.74918e-43
0x22927170980,2.09612e-15,7.74918e-43,1
0x22927170984,7.74918e-43,1,0
0x22927170988,1,0,1
0x22927170990,1,0,0
0x229271709a4,0,0,0
0x229271709ac,0,1,1
0x229271709b4,1,1,0
0x229271709b8,1,0,0
0x229271709cc,3.67072e-40,9.80909e-41,0
0x229271709dc,1,0,0
0x22927170a54,0,0,0
0x22927170a58,0,0,1
0x22927170a60,1,0,0
0x22927170a64,0,0,0
0x22927170a68,0,0,1
0x22927170a88,2.37175,0.611191,0
0x22927170abc,1,0,0
0x22927170acc,0,0,0
0x22927170ad4,0,1,0
0x22927170ae0,1,0,0
0x22927170ae8,0,0,0
0x22927170aec,0,0,28.6181
0x22927170af0,0,28.6181,2.20836
0x22927170af4,28.6181,2.20836,0.93323
0x22927170afc,0.93323,1,1
0x22927170b04,1,1,0
0x22927170b08,1,0,0
0x22927170b2c,1,0,0
0x22927170b3c,0,2.09621e-15,7.74918e-43
0x22927170b44,7.74918e-43,1,0
0x22927170b50,1,0,0
0x22927170b64,0,0,0
0x22927170b6c,0,1,1
0x22927170b74,1,1,0
0x22927170b78,1,0,0
0x22927170b8c,3.67072e-40,9.80909e-41,0
0x22927170b9c,1,0,0
0x22927170bac,0,2.09638e-15,7.74918e-43
0x22927170bb4,7.74918e-43,1,0
0x22927170bc0,1,0,0
0x22927170bc8,0,0,0
0x22927170bcc,0,0,28.6181
0x22927170bd0,0,28.6181,2.20836
0x22927170bd4,28.6181,2.20836,0.93323
0x22927170bdc,0.93323,1,1
0x22927170be4,1,1,0
0x22927170be8,1,0,0
0x22927170c0c,1,0,0
0x22927170c1c,0,0,0
0x22927170c24,0,1,0
0x22927170c30,1,0,0
0x22927170c4c,1.0949,1,1
0x22927170c54,1,1,0
0x22927170c8c,0,0,0
0x22927170c94,0,1,0
0x22927170ca0,1,0,0
0x22927170ca8,0,0,0
0x22927170cac,0,0,28.6181
0x22927170cb0,0,28.6181,2.20836
0x22927170cb4,28.6181,2.20836,0.93323
0x22927170cbc,0.93323,1,1
0x22927170cc4,1,1,0
0x22927170cc8,1,0,0
0x22927170cec,1,0,0
0x22927170cfc,0,0,0
0x22927170d04,0,1,0
0x22927170d10,1,0,0
0x22927170d24,0,0,0
0x22927170d2c,0,1,1
0x22927170d34,1,1,0
0x22927170d38,1,0,0
0x22927170d4c,3.67072e-40,9.80909e-41,0
0x22927170d5c,1,0,0
0x22927170ddc,0,0,0
0x22927170de0,0,0,1
0x22927170de4,0,1,0
0x22927170de8,1,0,1
0x22927170df0,1,0,0
0x22927170e0c,1.0949,1,1
0x22927170e14,1,1,0
0x22927170e4c,0,0,0
0x22927170e54,0,1,0
0x22927170e60,1,0,0
0x22927170e7c,1.0949,1,1
0x22927170e84,1,1,0
0x22927170eb4,0,0,0
0x22927170eb8,0,0,1
0x22927170ec0,1,0,0
0x22927170ec4,0,0,0
0x22927170ee8,1.22508,1.28234,1
0x22927170ef4,1,1,0
0x22927170f2c,0,0,0
0x22927170f34,0,1,0
0x22927170f40,1,0,0
0x22927170f5c,1.0949,1,1
0x22927170f64,1,1,0
0x22927170fb4,7.74918e-43,-9.00223e-26,4.59093e-41
0x22927170fb8,-9.00223e-26,4.59093e-41,1
0x22927170fc0,1,6.72623e-41,1.75807e-41
0x2292717102c,52.74,-395.627,441.966
0x22927171034,441.966,0.874725,0.825822
0x22927171038,0.874725,0.825822,1
0x2292717106c,1,0,0
0x22927171084,0,-0.999982,0
0x229271710dc,1,0,0
0x229271710ec,6.95986e-36,2.09674e-15,7.74918e-43
0x229271710f4,7.74918e-43,1,0
0x22927171100,1,0,0
0x22927171108,0,0,0
0x2292717110c,0,0,28.6181
0x22927171110,0,28.6181,2.20836
0x22927171114,28.6181,2.20836,0.93323
0x2292717111c,0.93323,1,1
0x22927171124,1,1,0
0x22927171128,1,0,0
0x2292717114c,1,0,0
0x22927171154,0,0,0
0x22927171158,0,0,1
0x22927171160,1,0,0
0x22927171164,0,0,0
0x22927171188,2.30095,1.55286,1
0x229271711c4,0,0,0
0x229271711c8,0,0,1
0x229271711d0,1,0,0
0x229271711d4,0,0,0
0x229271711f4,495.709,2.98559,1.28726
0x229271711f8,2.98559,1.28726,0
0x22927171234,0,0,0
0x22927171238,0,0,1
0x22927171240,1,0,0
0x22927171244,0,0,0
0x22927171268,2.29788,1.55088,1
0x229271712ac,0,2.09664e-15,7.74918e-43
0x229271712b4,7.74918e-43,1,0
0x229271712c0,1,0,0
0x229271712c8,0,0,0
0x229271712cc,0,0,28.6181
0x229271712d0,0,28.6181,2.20836
0x229271712d4,28.6181,2.20836,0.93323
0x229271712dc,0.93323,1,1
0x229271712e4,1,1,0
0x229271712e8,1,0,0
0x2292717130c,1,0,0
0x2292717131c,0,0,0
0x22927171324,0,1,0
0x2292717137c,1,0,0
0x2292717138c,0,0,0
0x22927171394,0,1,0
0x229271713a0,1,0,0
0x229271713bc,1.0949,1,1
0x229271713c4,1,1,0
0x229271713fc,0,0,0
0x22927171404,0,1,0
0x22927171410,1,0,0
0x2292717142c,1.0949,1,1
0x22927171434,1,1,0
0x22927171464,0,1.73992e-36,6.95986e-36
0x22927171468,1.73992e-36,6.95986e-36,1
0x22927171470,1,0,0
0x22927171474,0,0,0
0x22927171494,495.709,2.98559,1.28726
0x22927171498,2.98559,1.28726,1
0x229271714d4,0,0,0
0x229271714d8,0,0,1
0x229271714e0,1,0,0
0x229271714e4,0,0,0
0x22927171504,457.822,2.91386,0.872548
0x22927171508,2.91386,0.872548,1
0x2292717153c,1,0,0
0x2292717154c,0,2.09666e-15,7.74918e-43
0x22927171554,7.74918e-43,1,0
0x22927171560,1,0,0
0x22927171568,0,0,0
0x2292717156c,0,0,44.4361
0x22927171570,0,44.4361,2.73033
0x22927171574,44.4361,2.73033,0.413615
0x2292717157c,0.413615,1,1
0x22927171584,1,1,0
0x22927171588,1,0,0
0x229271715ac,1,0,0
0x229271715bc,0,0,0
0x229271715c4,0,1,0
0x229271715d0,1,0,0
0x229271715ec,1.0949,1,1
0x229271715f4,1,1,0
0x2292717162c,0,0,0
0x22927171634,0,1,0
0x22927171640,1,0,0
0x22927171648,0,0,0
0x2292717164c,0,0,44.4361
0x22927171650,0,44.4361,2.73033
0x22927171654,44.4361,2.73033,0.413615
0x2292717165c,0.413615,1,1
0x22927171664,1,1,0
0x22927171668,1,0,0
0x2292717168c,1,0,0
0x2292717169c,0,0,0
0x229271716a4,0,1,0
0x229271716b0,1,0,0
0x229271716b8,0,0,0
0x229271716bc,0,0,44.4361
0x229271716c0,0,44.4361,2.73033
0x229271716c4,44.4361,2.73033,0.413615
0x229271716cc,0.413615,1,1
0x229271716d4,1,1,0
0x229271716d8,1,0,0
0x229271716fc,1,0,0
0x2292717170c,0,0,0
0x22927171714,0,1,0
0x22927171720,1,0,0
0x2292717173c,1.0949,1,1
0x22927171744,1,1,0
0x2292717177c,0,0,0
0x22927171784,0,1,0
0x22927171790,1,0,0
0x22927171798,0,0,0
0x2292717179c,0,0,28.6181
0x229271717a0,0,28.6181,2.20836
0x229271717a4,28.6181,2.20836,0.93323
0x229271717ac,0.93323,1,1
0x229271717b4,1,1,0
0x229271717b8,1,0,0
0x229271717dc,1,0,0
0x229271717ec,0,2.09681e-15,7.74918e-43
0x229271717f4,7.74918e-43,1,0
0x22927171800,1,0,0
0x22927171808,0,0,0
0x2292717180c,0,0,28.6181
0x22927171810,0,28.6181,2.20836
0x22927171814,28.6181,2.20836,0.93323
0x2292717181c,0.93323,1,1
0x22927171824,1,1,0
0x22927171828,1,0,0
0x2292717184c,1,0,0
0x2292717185c,0,2.09588e-15,7.74918e-43
0x22927171864,7.74918e-43,1,0
0x22927171934,0,0,0
0x22927171938,0,0,1
0x22927171940,1,0,0
0x22927171944,0,0,0
0x22927171948,0,0,1
0x22927171964,31.2056,1.6011,1.55466
0x22927171968,1.6011,1.55466,1
0x229271719ac,0,0,0
0x229271719b4,0,1,0
0x229271719c0,1,0,-14
0x229271719c4,0,-14,0.5
0x229271719dc,1.10089,1,1
0x229271719e4,1,1,0
0x22927171a8c,0,0,0
0x22927171a90,0,0,1
0x22927171a94,0,1,0
0x22927171a98,1,0,1
0x22927171aa0,1,0,0
0x22927171aa8,0,0,0
0x22927171aac,0,0,28.6181
0x22927171ab0,0,28.6181,2.20836
0x22927171ab4,28.6181,2.20836,0.93323
0x22927171abc,0.93323,1,1
0x22927171ac4,1,1,0
0x22927171ac8,1,0,0
0x22927171aec,1,0,0
0x22927171afc,0,0,0
0x22927171b04,0,1,0
0x22927171cbc,0,0,0
0x22927171cc4,0,1,0
0x22927171ce4,10,1.53795,1.53795
0x22927171d24,0,6.55345e-41,0
0x22927171d28,6.55345e-41,0,1
0x22927171d30,1,0,0
0x22927171d34,0,0,0
0x22927171d58,2.36888,0.609062,1
0x22927171d8c,1,0,0
0x22927171d94,0,0,0
0x22927171d98,0,0,1
0x22927171da0,1,0,0
0x22927171da4,0,0,0
0x22927171db0,1,0,198.372
0x22927171db4,0,198.372,0.49057
0x22927171dc8,0.871796,0.973589,1
0x22927171dfc,1,0,0
0x22927171e0c,0,2.09678e-15,7.74918e-43
0x22927171e14,7.74918e-43,1,0
0x22927171e20,1,0,0
0x22927171e28,0,0,0
0x22927171e2c,0,0,28.6181
0x22927171e30,0,28.6181,2.20836
0x22927171e34,28.6181,2.20836,0.93323
0x22927171e3c,0.93323,1,1
0x22927171e44,1,1,0
0x22927171e48,1,0,0
0x22927171e6c,1,0,0
0x22927171eec,0,0,0
0x22927171ef0,0,0,1
0x22927171ef4,0,1,0
0x22927171ef8,1,0,1
0x22927171f00,1,0,0
0x22927171f1c,1.0949,1,1
0x22927171f24,1,1,0
0x22927171fd4,0,-0.999982,0
0x22927171fd8,-0.999982,0,1
0x2292717202c,1,0,0
0x2292717203c,0,0,0
0x22927172044,0,1,0
0x22927172050,1,0,0
0x2292717206c,0.708201,1,1
0x22927172074,1,1,0
0x2292717209c,1,0,0
0x229271720b4,7.74918e-43,0.372724,-0.201971
0x229271720d4,31.2056,0.604287,1.55466
0x2292717211c,6.95986e-36,0,0
0x22927172124,0,1,0
0x22927172144,338.659,0.940821,2.02121
0x2292717218c,0,0,0
0x22927172194,0,1,0
0x229271721a0,1,0,0
0x229271721bc,3.10247,1,1
0x229271721c4,1,1,0
0x22927172204,7.74918e-43,0,0
0x22927172224,134.558,2.25941,2.64283
0x22927172228,2.25941,2.64283,0.462165
0x22927172260,35.6871,22.5081,6.69835e-41
0x22927172264,22.5081,6.69835e-41,0
0x22927172268,6.69835e-41,0,0.0038335
0x229271722cc,1,0,0
0x229271722dc,0,0,0
0x229271722e4,0,1,0
0x229271722f0,1,0,0
0x2292717230c,1.0949,1,1
0x22927172314,1,1,0
0x22927172344,0,0,0
0x22927172348,0,0,1
0x22927172350,1,0,0
0x22927172354,0,0,0
0x22927172378,1.81389,1.26115,1
0x22927172424,-1.49017,6.55345e-41,0
0x22927172428,6.55345e-41,0,1
0x22927172430,1,0,0
0x22927172434,0,0,0
0x22927172438,0,0,1
0x2292717243c,0,1,0
0x22927172458,0.871796,0.973589,1
0x2292717248c,1,0,0
0x22927172494,0,0,0
0x22927172498,0,0,1
0x229271724a0,1,0,0
0x229271724a4,0,0,0
0x229271724c4,181.528,2.379,2.08594
0x229271724c8,2.379,2.08594,1
0x22927172514,7.74918e-43,0,0
0x22927172520,1,0,0
0x22927172528,0,0,0
0x2292717252c,0,0,44.4361
0x22927172530,0,44.4361,1.58783
0x22927172534,44.4361,1.58783,0.413615
0x22927172538,1.58783,0.413615,1
0x2292717253c,0.413615,1,1
0x22927172544,1,1,0
0x22927172548,1,0,0
0x2292717256c,1,0,0
0x229271725e4,0,0,0
0x229271725e8,0,0,1
0x229271725f0,1,0,0
0x229271725f4,0,0,0
0x229271725f8,0,0,1
0x2292717281c,6.95986e-36,0,0
0x22927172820,0,0,1
0x22927172824,0,1,0
0x22927172828,1,0,1
0x22927172830,1,0,0
0x2292717284c,1.0949,1,1
0x22927172854,1,1,0
0x22927172894,0,0.0559863,0
0x229271728c4,1,1,0
0x229271728ec,1,0,0
0x229271728fc,0,0,0
0x22927172904,0,1,0
0x22927172924,10,1.53795,1.53795
0x22927172bfc,1,0,0
0x22927172c0c,0,0,0
0x22927172c14,0,1,0
0x22927172c20,1,0,0
0x22927172c3c,3.10247,1,1
0x22927172c44,1,1,0
0x22927172c7c,0,0,0
0x22927172c84,0,1,0
0x22927172ca4,153.293,1.55681,1.4451
0x22927172d5c,0,0,0
0x22927172d60,0,0,1
0x22927172d64,0,1,0
0x22927172d68,1,0,1
0x22927172d84,10,1.53795,1.53795
0x22927172dcc,0,0,0
0x22927172dd4,0,1,0
0x22927172f1c,0,2.09806e-15,7.74918e-43
0x22927172f24,7.74918e-43,1,0
0x22927172f30,1,0,0
0x22927172f38,0,0,0
0x22927172f3c,0,0,44.4361
0x22927172f40,0,44.4361,2.73033
0x22927172f44,44.4361,2.73033,0.413615
0x22927172f4c,0.413615,1,1
0x22927172f54,1,1,0
0x22927172f58,1,0,0
0x22927172f7c,1,0,0
0x22927172f84,0,0,0
0x22927172f88,0,0,0.988077
0x22927172f90,0.988077,0,-0.153964
0x22927172f94,0,-0.153964,0
0x22927172fa0,1,0,199.331
0x22927172fa4,0,199.331,0.454941
0x22927172fec,1,0,0
0x22927173054,1.54008e-36,1.55179e-36,6.16033e-36
0x22927173058,1.55179e-36,6.16033e-36,34.149
0x22927173060,34.149,0,0
0x2292717321c,1,0,0
0x22927173294,0,0,0
0x22927173298,0,0,1
0x229271732a0,1,0,0
0x229271732a4,0,0,0
0x229271732a8,0,0,1
0x229271732ac,0,1,0
0x229271732b0,1,0,151.024
0x229271732b4,0,151.024,1.7616
0x229271732c8,0.843075,0.846858,1
0x229271732fc,1,0,0
0x22927173314,7.74918e-43,-1,0
0x2292717332c,52.74,-399.09,438.714
0x22927173330,-399.09,438.714,0.671112
0x22927173334,438.714,0.671112,1.55702
0x22927173384,0,0.897408,0
0x229271733a4,10,1.53795,1.53795
0x229271733e4,0,0,0
0x229271733e8,0,0,1
0x229271733f0,1,0,0
0x229271733f4,0,0,0
0x229271734d4,0,-0.999982,0
0x229271734d8,-0.999982,0,1
0x2292717352c,1,0,0
0x22927173614,-1.49017,6.55345e-41,0
0x22927173618,6.55345e-41,0,1
0x22927173620,1,0,0
0x22927173624,0,0,0
0x22927173628,0,0,1
0x22927173b5c,6.95986e-36,-0.998432,0
0x22927173b60,-0.998432,0,0.0559863
0x22927173b64,0,0.0559863,0
0x22927173b68,0.0559863,0,1
0x22927173b94,1,1,0
0x22927173bbc,1,0,0
0x22927173bc8,0,0,0.00256093
0x22927173bd4,-5.57779e-07,-0.999997,0.000170009
0x22927173c2c,1,0,0
0x22927173c34,0,6.55345e-41,0
0x22927173c38,6.55345e-41,0,1
0x22927173c40,1,0,-1.19209e-07
0x22927173c44,0,-1.19209e-07,0
0x22927173c5c,52.74,-395.627,441.966
0x22927173c64,441.966,0.874725,0.825822
0x22927173c68,0.874725,0.825822,1
0x22927173c9c,1,0,0
0x22927173cac,0,0,0
0x22927173cb4,0,1,0
0x22927173cd4,10,1.53795,1.53795
0x22927173d1c,6.95986e-36,0,0
0x22927173d24,0,1,0
0x22927173d30,1,0,0
0x22927173d4c,1.0949,1,1
0x22927173d54,1,1,0
0x22927173d88,6.55345e-41,0,0.00230623
0x22927173d94,-2.68072e-07,-0.999997,8.50042e-05
0x22927173dec,1,0,0
0x22927173dfc,0,0,0
0x22927173e04,0,1,0
0x22927173e24,10,1.53795,1.53795
0x22927173e64,0,1.74812e-36,6.95986e-36
0x22927173e68,1.74812e-36,6.95986e-36,1
0x22927173e70,1,0,0
0x22927173e74,0,0,0
0x2292717455c,1,0,0
0x229271745e4,0,-0.999982,0
0x229271745e8,-0.999982,0,1
0x2292717463c,1,0,0
0x229271746b4,0,0,0
0x229271746b8,0,0,1
0x229271746c0,1,0,0
0x229271746c4,0,0,0
0x229271746c8,0,0,1
0x229271746e4,31.2056,1.6011,1.55466
0x229271746e8,1.6011,1.55466,1
0x22927174734,7.74918e-43,0.372724,-0.201971
0x229271d0a38,3.85233e-34,1.09278e-19,1
0x2292f880e8c,7.31649,1.4013e-45,0
0x2292f880ee0,1,1,0.988228
0x2292f880ee8,0.988228,-7.21494e-05,-0.152986
0x2292f880f4c,2.8026e-45,0,1
0x2292f880fd4,1,1,1
0x2292f880fd8,1,1,1
0x2292f880fdc,1,1,0
0x2292f880fe0,1,0,0
0x2292f880fe4,0,0,0
0x2292f880fe8,0,0,1
0x2292f880ff0,1,0,0
0x2292f88100c,-7.21494e-05,-0.152986,0
0x2292f881014,0,0.0445415,0.956814
0x2292f881018,0.0445415,0.956814,0.28727
0x2292f88101c,0.956814,0.28727,0
0x2292f881044,1,0.988228,0.0445415
0x2292f881084,1,3.58732e-43,0
0x22933b1ffa4,372,7.23786e-37,7.74918e-43
0x22933b20064,319.98,-1.31145e-36,7.74918e-43
0x22937110a2c,0,1.4013e-45,0
0x22937110a30,1.4013e-45,0,126.398
0x22937110a38,126.398,2.35099e-38,0
0x22937110a6c,7.74918e-43,1.4013e-45,0
0x22937110a70,1.4013e-45,0,106.646
0x22937110a78,106.646,2.35099e-38,0
0x22937110aec,7.74918e-43,1.4013e-45,0
0x22937110c2c,7.74918e-43,1.4013e-45,0
0x22937110c6c,7.74918e-43,1.4013e-45,0
0x229371113bc,2.35099e-38,0,0
0x229371114fc,2.35099e-38,0,0
0x2293711163c,2.35099e-38,0,0
0x229371116ac,7.74918e-43,7.00649e-45,0
0x229371116b0,7.00649e-45,0,418.966
0x229371116b8,418.966,2.35099e-38,0
0x229371116ec,7.74918e-43,7.00649e-45,0
0x229371116f0,7.00649e-45,0,422.075
0x229371116f8,422.075,2.35099e-38,0
0x2293711177c,2.35099e-38,0,0
0x229371118bc,2.35099e-38,0,0
0x229371118c0,0,0,1
0x229371118c8,1,0,-8.52182e-39
0x229371118ec,7.74918e-43,7.00649e-45,0
0x229371118f0,7.00649e-45,0,294.111
0x229371118f8,294.111,2.35099e-38,0
0x229371119fc,2.35099e-38,0,0
0x22937111aac,7.74918e-43,1.4013e-45,0
0x22937111f78,398.473,2.35099e-38,0
0x22937112a2c,7.74918e-43,1.4013e-45,0
0x22937112a7c,2.35099e-38,0,0
0x22937112aec,7.74918e-43,1.4013e-45,0
0x22937112af0,1.4013e-45,0,79.0043
0x22937112af8,79.0043,2.35099e-38,0
0x22937112b6c,7.74918e-43,1.4013e-45,0
0x22937112b70,1.4013e-45,0,42.4991
0x22937112b78,42.4991,2.35099e-38,0
0x22937112b7c,2.35099e-38,0,0
0x22937112bac,7.74918e-43,1.4013e-45,0
0x22937112bec,7.74918e-43,1.4013e-45,0
0x22937112bf0,1.4013e-45,0,30.7843
0x22937112bf8,30.7843,2.35099e-38,0
0x22937112c2c,7.74918e-43,1.4013e-45,0
0x22937112c30,1.4013e-45,0,34.273
0x22937112c38,34.273,2.35099e-38,0
0x22937112cac,7.74918e-43,1.4013e-45,0
0x22937112cfc,2.35099e-38,0,0
0x22937112d6c,7.74918e-43,1.4013e-45,0
0x2293711307c,2.35099e-38,0,0
0x22937113080,0,0,1
0x22937113088,1,0,-3.07208e-33
0x229371130bc,2.35099e-38,0,0
0x229371130c0,0,0,0.631699
0x229371131c8,1,0,-3.07414e-33
0x229371131fc,2.35099e-38,0,0
0x22937113200,0,0,0.631699
0x22937113208,0.631699,-1.52829e-06,-2.44856e-33
0x2293711322c,7.74918e-43,1.4013e-45,0
0x22937113230,1.4013e-45,0,413.105
0x22937113238,413.105,2.35099e-38,0
0x229371132fc,2.35099e-38,0,0
0x22937113300,0,0,1
0x22937113308,1,0,-3.0692e-33
0x2293711337c,2.35099e-38,0,0
0x22937113380,0,0,0.908966
0x22937113388,0.908966,-0.415065,-3.07426e-33
0x229371133fc,2.35099e-38,0,0
0x22937113400,0,0,0.666656
0x22937113404,0,0.666656,0.180851
0x22937113408,0.666656,0.180851,-3.07431e-33
0x22940d30f54,0,0,0
0x22940d30f58,0,0,6.63483
0x22940d30f5c,0,6.63483,7.74918e-43
0x22940d30f60,6.63483,7.74918e-43,6.62651
0x22940d30f64,7.74918e-43,6.62651,7.74918e-43
0x22940d30f68,6.62651,7.74918e-43,6.5658
0x22940d30f70,6.5658,7.74918e-43,1.25269e-07
0x22940d30f74,7.74918e-43,1.25269e-07,7.74918e-43
0x22940d30f78,1.25269e-07,7.74918e-43,6.63486
0x22940d3104c,4.59093e-41,8.96831e-44,0
0x22940d31050,8.96831e-44,0,6.51991
0x22940d31054,0,6.51991,7.74918e-43
0x22940d31058,6.51991,7.74918e-43,6.62064
0x22940d31060,6.62064,7.74918e-43,-8.41397e-25
0x22940d31094,0,0,0
0x22940d31098,0,0,6.62067
0x22940d3109c,0,6.62067,7.74918e-43
0x22940d310a0,6.62067,7.74918e-43,6.62669
0x22940d310a4,7.74918e-43,6.62669,7.74918e-43
0x22940d310a8,6.62669,7.74918e-43,6.5658
0x22940d310ac,7.74918e-43,6.5658,7.74918e-43
0x22940d310b0,6.5658,7.74918e-43,6.63543
0x22940d310b4,7.74918e-43,6.63543,7.74918e-43
0x22940d310b8,6.63543,7.74918e-43,6.63547
0x22948efd5dc,7.08977e-38,4.87775e-39,1.32465e-41
0x22948efd5e0,4.87775e-39,1.32465e-41,11.3125
0x22948efd5e8,11.3125,7.34758e-40,1.08881e-42
0x22948efd6d0,9.49285e-12,0,0
0x22948efd6d4,0,0,11.0653
0x22948efd6dc,11.0653,0,0
0x22948efdca4,0,7.03435e-23,0.0419936
0x22948efdcac,0.0419936,3.09798e-12,7.08235e-37
0x22948efdcd4,4.86731e-39,0,1.15615e-26
0x22948efdcd8,0,1.15615e-26,0.167971
0x22948efdce0,0.167971,1.02783e-16,3.67342e-40
0x22948efdce8,3.67342e-40,6.74442e-33,1.8065e-28
0x22948efdcec,6.74442e-33,1.8065e-28,0.167971
0x22948efdcf4,0.167971,1.02783e-16,3.67342e-40
0x22948efdd0c,4.89002e-39,1.32465e-41,5.55363e-28
0x22948efdd10,1.32465e-41,5.55363e-28,3.5469
0x22948efdd18,3.5469,1.02783e-16,8.99988e-39
0x22948efdd1c,1.02783e-16,8.99988e-39,10.7501
0x22948efdd24,10.7501,1.02783e-16,1.92855e-39
0x22948efdd34,2.3731e-41,0,1.92593e-34
0x22948efde80,1.09284e-38,1.87087e-41,0
0x2294c227264,1,1,1
0x2294ce4b654,9.24857e-44,3.22299e-44,0
0x2294ce4b658,3.22299e-44,0,4
0x2294ce4b660,4,9.03697e-42,0
0x2294d6b8d08,1,1,1.4013e-45
0x2294d6b8d0c,1,1.4013e-45,1.4013e-45
0x2294d6b8d44,0.988228,0.0445415,0.146358
0x2294d6b8d80,1,0.988228,0.0445415
0x2294d6b8dc0,1,0.988228,-7.21494e-05
0x2294d6b8e00,1,0.988228,-7.21494e-05
0x2294d6b8e40,1,0.882507,0
0x2294d6b8eb0,1,0,0
0x2294d6b8efc,1,1,0.872118
0x2294d6b8f00,1,0.872118,0.0699162
0x2294d6b8f04,0.872118,0.0699162,0.146387
0x2294d6b8f0c,0.146387,0.146358,-6.36723e-05
0x2294d6b8f18,1.5019,-0.290761,-0.290702
0x2294d6b8f98,1.5019,-0.290761,-0.290702
0x2294d6b90bc,1,1,1
0x2294d6b90c0,1,1,0
0x2294d6b90c4,1,0,0
0x2294d6b90cc,0,0,0
0x2294d6b90d8,1,0,0
0x2294d6b90ec,1,0,0
0x2294d6b90f4,0,0,0
0x2294d6b9100,1,1.4042e-28,0
0x2294f38e39c,7.74918e-43,7.86215e-10,7.74918e-43
0x2294f38e3a0,7.86215e-10,7.74918e-43,12.8966
0x2294f38e3a8,12.8966,7.74918e-43,2.93286e-08
0x2294f38e3c4,7.74918e-43,1.57222e-06,7.74918e-43
0x2295275a62c,7.48305,1.4013e-45,0
0x2295275a670,0,0,0
0x2295275a674,0,0,1
0x2295275a678,0,1,1
0x2295275a67c,1,1,1
0x2295275a680,1,1,1
0x2295275a684,1,1,0
0x2295275a688,1,0,0
0x2295275a68c,0,0,0
0x2295275a690,0,0,1
0x2295275a698,1,0,0
0x2295275a6b4,0.594186,335.983,2.36206
0x2295275a6bc,2.36206,2.36206,2.36206
0x2295275a6c0,2.36206,2.36206,-0.999982
0x2295275a6fc,1,3.60147e-37,7.74918e-43
0x2295275a774,1,1,1
0x2295275a778,1,1,1
0x2295275a77c,1,1,0
0x2295275a780,1,0,0
0x2295275a784,0,0,0
0x2295275a788,0,0,1
0x2295275a790,1,0,0
0x2295275a7b4,0,0,2.36206
0x2295275a7bc,2.36206,0,0
0x2295275a820,145.415,1,3.58732e-43
0x2295275a824,1,3.58732e-43,0
0x2295275a99c,7.48457,1.4013e-45,0
0x2295275a9f0,1,1,1
0x2295275a9f4,1,1,0
0x2295275a9f8,1,0,0
0x2295275a9fc,0,0,0
0x2295275aa00,0,0,1
0x2295275aa08,1,0,0
0x2295275aa24,0.454941,59.0267,1.8108
0x2295275aa2c,1.8108,1.8108,1.8108
0x2295275aa30,1.8108,1.8108,0.0559863
0x2295275aa6c,1,3.60366e-37,7.74918e-43
0x2295275aae4,1,1,1
0x2295275aae8,1,1,1
0x2295275aaec,1,1,0
0x2295275aaf0,1,0,0
0x2295275aaf4,0,0,0
0x2295275aaf8,0,0,1
0x2295275ab00,1,0,0
0x2295275ab14,0,0.10138,0
0x2295275ab18,0.10138,0,1.80796
0x2295275ab24,0,0,1.8108
0x2295275ab2c,1.8108,0,0
0x2295275ab84,0,-53.3236,-0.251238
0x2295275ab88,-53.3236,-0.251238,368.712
0x2295275ab90,368.712,1,3.58732e-43
0x2295275ab94,1,3.58732e-43,0
0x2295275ad0c,7.48458,1.4013e-45,0
0x2295275ad60,1,1,1
0x2295275ad64,1,1,0
0x2295275ad68,1,0,0
0x2295275ad6c,0,0,0
0x2295275ad70,0,0,1
0x2295275ad78,1,0,0
0x2295275ad94,0.594186,335.983,2.36206
0x2295275ad9c,2.36206,2.36206,2.36206
0x2295275ada0,2.36206,2.36206,-0.999982
0x2295275addc,1,3.60355e-37,7.74918e-43
0x2295275ae54,1,1,1
0x2295275ae58,1,1,1
0x2295275ae5c,1,1,0
0x2295275ae60,1,0,0
0x2295275ae64,0,0,0
0x2295275ae68,0,0,1
0x2295275ae70,1,0,0
0x2295275ae94,0,0,2.36206
0x2295275ae9c,2.36206,0,0
0x2295275af00,145.415,1,3.58732e-43
0x2295275af04,1,3.58732e-43,0
0x2295275b3ec,7.48773,1.4013e-45,0
0x2295275b430,0,0,0
0x2295275b434,0,0,1
0x2295275b438,0,1,1
0x2295275b43c,1,1,1
0x2295275b440,1,1,1
0x2295275b444,1,1,0
0x2295275b448,1,0,0
0x2295275b44c,0,0,0
0x2295275b450,0,0,1
0x2295275b458,1,0,0
0x2295275b46c,0,199.331,0.454941
0x2295275b470,199.331,0.454941,181.351
0x2295275b474,0.454941,181.351,2.48499
0x2295275b47c,2.48499,2.48499,2.48499
0x2295275b480,2.48499,2.48499,-0.153964
0x2295275b484,2.48499,-0.153964,0
0x2295275b574,0,0,2.48499
0x2295275b57c,2.48499,0,0
0x2295275b58c,0,-0.382598,0
0x2295275b5d8,84.4584,-0.183076,-68.0218
0x2295275b5e4,1,3.58732e-43,0
0x2295275bacc,7.49606,1.4013e-45,0
0x2295275bb10,0,0,0
0x2295275bb14,0,0,1
0x2295275bb18,0,1,1
0x2295275bb1c,1,1,1
0x2295275bb20,1,1,1
0x2295275bb24,1,1,0
0x2295275bb28,1,0,0
0x2295275bb2c,0,0,0
0x2295275bb30,0,0,1
0x2295275bb38,1,0,0
0x2295275bb54,0.594186,335.983,2.36206
0x2295275bb5c,2.36206,2.36206,2.36206
0x2295275bb60,2.36206,2.36206,-0.999982
0x2295275bb9c,1,9.93432e-29,7.74918e-43
0x2295275bc14,1,1,1
0x2295275bc18,1,1,1
0x2295275bc1c,1,1,0
0x2295275bc20,1,0,0
0x2295275bc24,0,0,0
0x2295275bc28,0,0,1
0x2295275bc30,1,0,0
0x2295275bc54,0,0,2.36206
0x2295275bc5c,2.36206,0,0
0x2295275bcc0,145.415,1,3.58732e-43
0x2295275bcc4,1,3.58732e-43,0
0x2295275d2dc,7.61717,1.4013e-45,0
0x2295275d330,1,1,1
0x2295275d334,1,1,0
0x2295275d364,0.594186,335.983,2.36206
0x2295275d36c,2.36206,2.36206,2.36206
0x2295275d370,2.36206,2.36206,-0.999982
0x2295275d464,0,0,2.36206
0x2295275d46c,2.36206,0,0
0x2295275d4d0,145.415,1,3.58732e-43
0x2295275d4d4,1,3.58732e-43,0
0x22952a74c18,51.0576,1.4013e-45,0
0x22952a74d08,176.437,1.4013e-45,0
0x22952a74e20,88.951,1.4013e-45,0
0x22955d1cd80,8.96831e-44,0,1
0x22955d1cd84,0,1,3.16667
0x22955d1cd88,1,3.16667,2.65806e-05
0x22955d1cd8c,3.16667,2.65806e-05,7.74918e-43
0x22955d1cdc0,1.12104e-44,0,1
0x22955d1cdc4,0,1,5.1
0x22955d1cdc8,1,5.1,8.20756e-08
0x22955d1cdcc,5.1,8.20756e-08,7.74918e-43
0x22955d1ce00,1.12104e-44,0,22.0139
0x2295a47a898,-0.00255207,0,0
0x2295a47a8a4,0.42336,0,-0
0x2295a47a8c8,145.415,1,-2.36202
0x2295a47a8cc,1,-2.36202,0
0x2295a47a8dc,0,0,2.36206
0x2295a47aa54,0,0,0
0x2295a47aa58,0,0,1
0x2295a47b5b0,0.030918,0,-0.551376
0x2295a47b5b8,-0.551376,0,-0
0x2295a47b5dc,0,-53.3236,-0.251238
0x2295a47b5e0,-53.3236,-0.251238,368.712
0x2295a47b5e8,368.712,1,0.10138
0x2295a47b5ec,1,0.10138,-0
0x2295a47b774,0,0,0
0x2295a47b778,0,0,1
0x2295a48a1ec,7.74918e-43,-0.0619575,0
0x2295a48a1f0,-0.0619575,0,0.397618
0x2295a48a1f8,0.397618,0,0
0x2295a48a204,0.402417,0,-0
0x2295a48a220,84.4584,-0.183076,-68.0218
0x2295a48a22c,1,-0.382597,0
0x2295a48a23c,0,0,2.48499
0x2295a48a3b4,0,0,0
0x2295a48a3b8,0,0,1
0x2295a48a3c0,1,-4.51884e-16,9.12916e-26
0x2295b010d64,0,0,0
0x2295b010d68,0,0,333.5
0x2295b010d6c,0,333.5,187.5
0x2295b010d70,333.5,187.5,0.0029985
0x2295b010d74,187.5,0.0029985,0.00533333
0x2295b010d78,0.0029985,0.00533333,4.2039e-45
0x2295b010d7c,0.00533333,4.2039e-45,0.25
0x2296001ff74,0,0,0
0x2296001ff78,0,0,16.0784
0x2296001ff7c,0,16.0784,2.58824
0x229607d9aa8,0,1.12104e-44,0.5
0x229607d9aac,1.12104e-44,0.5,0.25
0x229607d9ab0,0.5,0.25,0.5
0x229607d9ab4,0.25,0.5,0.5
0x229607d9ab8,0.5,0.5,1
0x229607d9abc,0.5,1,1
0x229607d9ac0,1,1,1
0x229607d9ac8,1,1,0
0x229607d9acc,1,0,1.4013e-45
0x22960a4e42c,0,0,0
0x22960a4e430,0,0,1
0x22960a4e434,0,1,1
0x22960a4e438,1,1,0
0x22960a4e43c,1,0,0
0x22960a50eac,0,0,0
0x22960a50eb0,0,0,1
0x22960a50eb4,0,1,1
0x22960a50eb8,1,1,0
0x22960a50ebc,1,0,0
0x22960a5bcd4,7.74918e-43,0,0
0x22960a5bcd8,0,0,0.10138
0x22960a5bce0,0.10138,0,1.80796
0x22960a5fbd0,0,0,0
0x22960a5fbd8,0,1,1
0x22960a5fbdc,1,1,1
0x22960a5fbe0,1,1,1
0x22960a5fbe4,1,1,1
0x22960a5fbec,1,-0.00217247,8.40194
0x22960a5fbf0,-0.00217247,8.40194,-0.113186
0x22960a5fbf4,8.40194,-0.113186,10.4725
0x22960a5fbf8,-0.113186,10.4725,4.67057
0x22960a5fc94,7.74918e-43,0,0
0x22960a5fc98,0,0,0.10138
0x22960a5fca0,0.10138,0,1.80796
0x22960a66b74,7.74918e-43,1.4013e-45,0
0x22960a66b78,1.4013e-45,0,1
0x22960a66b80,1,0,1.62926e-24
0x22960a66c04,0,-0.382598,0
0x22960a66d44,0,-2.04018e-16,0
0x22960a66e50,1,0,0
0x22960a66e58,0,0,0
0x22960a66e64,1,0,0
0x22960a66e80,0,0,0
0x22960a66e88,0,1,1
0x22960a66e8c,1,1,0
0x22960a66e90,1,0,0
0x22960a66e9c,0,0,1
0x22960a66ea4,1,0,0
0x22960a66eb8,1,0,0
0x22960a67bac,0,0,0
0x22960a67bb0,0,0,1
0x22960a67bb4,0,1,1
0x22960a67bb8,1,1,0
0x22960a67bbc,1,0,0
0x22960a67c44,0,-0.382598,0
0x22960a67d58,0,0,0
0x22960a67d64,1,0,0
0x22960a67d80,0,0,0
0x22960a67d88,0,1,1
0x22960a67d8c,1,1,0
0x22960a67d90,1,0,0
0x22960a67d9c,0,0,1
0x22960a67da4,1,0,0
0x22960a67db8,1,0,0
0x22960a680b4,7.74918e-43,1.4013e-45,0
0x22960a680b8,1.4013e-45,0,1
0x22960a68284,0,-1.96509e-16,0
0x22960a68390,1,0,0
0x22960a68398,0,0,0
0x22960a683a4,1,0,0
0x22960a683c0,0,0,0
0x22960a683c8,0,1,1
0x22960a683cc,1,1,0
0x22960a683d0,1,0,0
0x22960a683dc,0,0,1
0x22960a683e4,1,0,0
0x22960a683f8,1,0,0
0x22960a69d6c,0,0,0
0x22960a69d70,0,0,1
0x22960a69d74,0,1,1
0x22960a69d78,1,1,0
0x22960a69d7c,1,0,0
0x22960a69f10,1,0,0
0x22960a69f18,0,0,0
0x22960a69f24,1,0,0
0x22960a69f40,0,0,0
0x22960a69f48,0,1,1
0x22960a69f4c,1,1,0
0x22960a69f50,1,0,0
0x22960a69f5c,0,0,1
0x22960a69f64,1,0,0
0x22960a69f78,1,0,0
0x22960a6b034,7.74918e-43,1.4013e-45,0
0x22960a6b038,1.4013e-45,0,1
0x22960a6b040,1,0,1.63046e-24
0x22960a6b1d8,0,0,0.00240516
0x22960a6b1e0,0.00240516,0.00213842,-1.0005
0x22960a6b1e4,0.00213842,-1.0005,0
0x22960a6b7b4,7.74918e-43,1.4013e-45,0
0x22960a6b7b8,1.4013e-45,0,1
0x22960a6b7c0,1,0,1.63053e-24
0x22960a6b814,7.74918e-43,0,0
0x22960a6b818,0,0,1.26005
0x22960a6b820,1.26005,0,0
0x22960a6bc50,460.37,0,-485.15
0x22960a6bc58,-485.15,1,1
0x22960a6bc5c,1,1,1
0x22960a6bc60,1,1,1
0x22960a6bc64,1,1,1
0x22960a6bc6c,1,458.899,16.6242
0x22960a6bd14,7.74918e-43,0,0
0x22960a6bd18,0,0,1.2661
0x22960a6bd20,1.2661,0,0
0x22960a6be54,7.74918e-43,0,0
0x22960a6be58,0,0,1.2842
0x22960a6be60,1.2842,0.0027448,0.00308718
0x22964e13970,100,100,0
0x22964e13974,100,0,0
0x22964e13abc,7.74918e-43,0,0
0x22964e13ac0,0,0,500
0x22964e13b04,55.3274,179.924,70
0x22964e13b08,179.924,70,70
0x22964e13b10,70,70,0.807192
0x22964e13b14,70,0.807192,-0.414277
0x229651dbf14,0,0,1
0x229651dbf50,0,0,0
0x229651dbf54,0,0,1
0x229651dbf90,1.13463e-28,7.74918e-43,1.19343e-30
0x229651dbf94,7.74918e-43,1.19343e-30,4.41045
0x229651dc114,7.74918e-43,1.06593e-30,4.0572
0x229651dc610,1.13412e-28,7.74918e-43,1.06242e-30
0x229651dc614,7.74918e-43,1.06242e-30,5.11976
0x229651dc790,1.13407e-28,7.74918e-43,1.24557e-30
0x229651dc794,7.74918e-43,1.24557e-30,5.1699
0x229651dc840,0,0,0
0x229651dc844,0,0,1
0x229651dc850,0,0,0
0x229651dc854,0,0,1
0x229651dcb10,0,0,0
0x229651dcb14,0,0,1
0x229651dcbd0,1.13427e-28,7.74918e-43,1.21692e-30
0x229651dcbd4,7.74918e-43,1.21692e-30,5.34639
0x229651dcc14,7.74918e-43,8.72437e-39,4.87597
0x229651dcd10,1.13413e-28,7.74918e-43,-2.45869e-06
0x229651dcd14,7.74918e-43,-2.45869e-06,4.0572
0x229651dcd54,0.75,-2.4587e-06,4.2039e-45
0x2297bfe938c,2.58824,2.58824,0
0x2297bfe9390,2.58824,0,202.018
0x2297bfe9398,202.018,55.7625,179.91
0x2297bfe939c,55.7625,179.91,0.000204082
0x2297bfe9458,0,0,0
0x2297bfe945c,0,0,1
0x2297bfe9460,0,1,1
0x2297bfe9464,1,1,0
0x2297bfe9468,1,0,0
0x2297d839c74,1,0,0
0x2297d839cb8,296.02,9.66896e-44,3.92644e-42
0x2297d839d00,1,0,0
0x2297d839d08,0,0,0
0x2297d839d10,0,1,1
0x2297d839d14,1,1,1
0x2297d839d18,1,1,1
0x2297d839d2c,0,-0,0
0x2297d839d30,-0,0,1
0x2297d839e34,7.74918e-43,1.27198e-30,7.74918e-43
0x2297d839e38,1.27198e-30,7.74918e-43,13.2815
0x2297d839e40,13.2815,7.74918e-43,1.23876e-30
0x229805d3794,7.74918e-43,2.8026e-45,0
0x229805d3798,2.8026e-45,0,1
0x229805d37a0,1,0,-8.26722e-35
0x229805d37f4,7.74918e-43,0,0
0x229805d37f8,0,0,2.50916
0x229805d3800,2.50916,0,0
0x229805d381c,0,0,0
0x229805d3930,1,0,0
0x229805d3938,0,0,0
0x229805d3944,1,0,0
0x229805d3960,0,0,0
0x229805d3968,0,1,1
0x229805d396c,1,1,0
0x229805d3970,1,0,0
0x229805d397c,0,0,1
0x229805d3984,1,0,0
0x229805d3998,1,0,0
0x229805d3f14,7.74918e-43,1.4013e-45,0
0x229805d3f18,1.4013e-45,0,1
0x229805d3f20,1,0,-8.26838e-35
0x229805d3f74,7.74918e-43,0,0
0x229805d3f78,0,0,2.50916
0x229805d3f80,2.50916,0,0
0x229805d3f9c,0,0,0
0x229805d40b0,1,0,0
0x229805d40b8,0,0,0
0x229805d40c4,1,0,0
0x229805d40e0,0,0,0
0x229805d40e8,0,1,1
0x229805d40ec,1,1,0
0x229805d40f0,1,0,0
0x229805d40fc,0,0,1
0x229805d4104,1,0,0
0x229805d4118,1,0,0
0x229805d45e4,0,-0.382598,0
0x229805d558c,0,0,0
0x229805d5590,0,0,1
0x229805d5594,0,1,1
0x229805d5598,1,1,0
0x229805d559c,1,0,0
0x229805d5624,0,-0.382598,0
0x229805d5734,7.74918e-43,0,0
0x229805d5738,0,0,2.50916
0x229805d5740,2.50916,0,0
0x229805d575c,0,0,0
0x229805d6e94,7.74918e-43,1.4013e-45,0
0x229805d6e98,1.4013e-45,0,1
0x229805d6ea0,1,0,-8.27095e-35
0x229805d6ef4,7.74918e-43,0,0
0x229805d6ef8,0,0,2.50916
0x229805d6f00,2.50916,0,0
0x229805d6f1c,0,0,0
0x229805d7030,3.08643,0,0
0x229805d7034,0,0,3.08643
0x229805d7038,0,3.08643,0.3
0x229805d7040,0.3,0.3,3.08672
0x229805d7044,0.3,3.08672,5.15271
0x229843ac9cc,-113.701,0,0
0x229843ac9d0,0,0,0.837248
0x229843ac9d4,0,0.837248,0.546824
0x229843ac9d8,0.837248,0.546824,0.8
0x229843ac9e4,0.8,0.8,0
0x229843aca0c,125,125,0.5
0x229843aca10,125,0.5,0.5
0x229843aca14,0.5,0.5,250
0x229843aca18,0.5,250,250
0x229843aca1c,250,250,0
0x229843aca20,250,0,-0.321574
0x229843aca60,0,1,-0.321574
0x229843aca64,1,-0.321574,0.732523
0x229843aca90,0.8,0,131.762
0x229843acaa0,0,1,1
0x229843acaa4,1,1,0
0x229843acaa8,1,0,0
0x229843acad0,1,0,0
0x229843acad8,0,0,0
0x229843acae0,0,1,1
0x229843acae4,1,1,0
0x229843acae8,1,0,0
0x229843acaf4,0,0,1
0x229843acafc,1,0,0
0x229843acb10,1,0,0
0x229843acb18,0,0,0
0x229843acb24,1,3.58732e-43,0
0x229843accf0,19.8611,0,-1.07469e-35
0x229843acdb8,8.40779e-45,0,-0.321574
0x229843acdbc,0,-0.321574,0.732523
0x229843acdc4,0.732523,0,0
0x229843acddc,0,0,0
0x229843acdfc,1,0,0
0x229843acee0,0,0,0
0x229843acee4,0,0,1
0x229843acee8,0,1,1
0x229843aceec,1,1,1
0x229843acef0,1,1,1
0x229843acef4,1,1,86
0x229843acef8,1,86,-1
0x229843acefc,86,-1,0
0x229856524ec,-81.2013,0,0
0x229856524f0,0,0,0.650783
0x229856524f4,0,0.650783,0.759264
0x229856524f8,0.650783,0.759264,1.25
0x229856524fc,0.759264,1.25,1.25
0x22985652500,1.25,1.25,1.25
0x22985652504,1.25,1.25,463.09
0x22985652548,1,0,0
0x22985652578,0,0,0
0x22985652580,0,1,1
0x22985652584,1,1,0
0x22985652588,1,0,0
0x22985652594,0,0,1
0x2298565259c,1,0,0
0x229856525b0,1,0,0
0x229856525b8,0,0,0
0x229856525c0,0,1,1
0x229856525c4,1,1,0
0x229856525c8,1,0,0
0x229856525d4,0,0,1
0x229856525dc,1,0,0
0x229856525f0,1,0,0
0x229856525f8,0,0,0
0x22985652600,0,1,1
0x22985652604,1,1,0
0x22985652608,1,0,0
0x22985652614,0,0,1
0x2298565261c,1,0,0
0x2298b04c688,-0.00169306,8.01239e-29,0.000207158
0x2298b04c690,0.000207158,7.74918e-43,-9.75935e-36
